8     251.126163351994     259.441930979454     236.143220277428     870.071180091022
9     252.229757516980     259.286577462262     242.054545116074     862.745935903376
10     252.836714074769     259.254094114830     244.770897599880     835.451977401121
11     253.845295460307     257.655412764104     246.194202679179     800.729600000005
12     254.229901682922     260.581319870179     245.956204379562     834.455379482904
13     254.500644858717     256.601635306865     243.992206527033     829.119938884646
14     119.289045250072     142.090053910120     104.400272621578     293.686109983309
15     256.933079637992     257.695236023495     243.185932367870     806.765416047548
16     255.248679319115     263.003447372135     249.660504458989     830.358347654510
17     253.098855844131     263.201745348766     250.953908973594     829.784486052736
18     259.174242273676     263.138446637206     249.600000000000     824.503793626705
19     256.403639729777     263.338093696901     251.971935121743     813.648875000001
20     253.840342483002     261.082664222669     245.149944811329     825.708884688092
21     261.088010280918     264.228982503201     251.352097428958     831.836990595612
22     257.181800213464     256.998933438673     209.544189641845     817.892765101516
23     261.809847638800     263.973478374520     248.043399399172     820.563347709231
24     260.018551551909     258.853929480476     237.994593908169     832.845099035044
25     256.625493206865     262.357178340785     239.195713612812     825.659746107185
26     254.585218054225     255.654672869678     233.209468896609     812.667914638712
27     263.856787577338     262.535035306898     234.153251273954     824.529538131042
28     263.928907475170     260.793388429752     229.413956414603     831.736425267693
29     261.403046602018     260.936923167362     225.380712206350     836.089282350726
30      90.496448126361      87.524279489737      62.445574313885     212.368245072127
31     260.982716930273     255.196364200163     217.535180320827     824.212694041062
32     260.355750083792     251.341910925009     214.803975470501     822.209326941037
33     264.167938931298     252.340284341905     213.648684403939     834.411430758436
34     264.478439179773     253.821280498290     223.393287146028     833.579218171550
35     263.986738499793     249.515033947624     215.396753832281     823.453370267775
36     264.528596633824     249.735471917052     211.911065938254     828.024573378839
37     258.682406552611     245.654436589506     209.293285657529     832.687152250885
38     251.039730315435     244.690088463622     165.369872373655     809.205564511314
39     258.753730459498     248.365932213023     211.545893174116     825.795212598425
40     262.854434878761     248.122122607221     207.358484687997     831.220730565095
41     265.222011722219     245.180972361580     209.144024276377     833.153245304073
42     255.708412349238     238.452571266888     209.424657534247     800.998930735416
43     259.937379091542     218.376125467252     158.997065401318     808.318775191000
44     259.570348666862     237.014714537963     210.081479724923     808.462858185800
45     256.872301839185     239.736454787968     206.694927352325     816.522025189548
46     115.505020496905     111.836411991097      76.310988547086     284.614006747776
47     262.996687451286     242.707966193131     214.401289871648     815.232544092776
48     257.338011025990     227.753821782178     208.370798730380     818.780112762684
49     261.179306680834     243.472000141503     211.836639529694     811.037768088616
50     265.123361673586     243.324182680309     212.236427752543     815.854066718733
51     258.535334795075     240.783733310062     208.984654537743     811.321100917431
52     261.989967034542     244.298706939757     214.744360902256     820.653908749088
53     258.102629072204     240.136962263148     204.708405735785     817.561221410896
54     259.573284060649     240.904221516114     166.286311098733     804.425082804693
55     263.921573754489     235.222947253942     207.220138784337     811.063641720683
56     263.570991514498     243.542501555694     215.232594315164     813.181834372217
57     264.367752562225     232.467314686665     200.622963569950     813.485048150025
58     264.420745373990     239.785970882965     219.302784022134     812.532621462894
59     263.722540497827     230.166120689655     201.991753669239     808.725692130611
60     264.212725117146     239.586355181652     211.337568112713     803.617423158377
61     263.775678043373     243.928394286092     209.439625802056     814.315321779446
62      50.265811777227      54.375541866302      36.763563269946     135.425474254743
63     263.746607436256     242.320697752432     214.250659108885     807.856104380242
64     263.120582160712     239.102769640946     211.623063309218     792.436228345541
65     258.859463084815     223.115381610812     197.530949581575     787.672366243795
66     259.351386985410     233.721968607342     219.340238856774     797.067178502879
67     263.649291975725     240.728912695481     212.414787852447     795.709793945561
68     263.195016338554     243.491645569620     212.299574114470     790.412066131682
69     259.833110245802     245.504778603354     207.523057485786     803.087207935687
70     258.682704207921     238.483206161306     165.244030486826     784.666823087752
71     263.279056169603     224.843816948825     207.700751432185     790.135231518170
72     262.826974812675     236.229077749469     214.002616838917     789.835702658709
73     256.807322522767     185.722401762762     155.872182382312     797.040346729708
74     261.802965294459     239.850295947792     217.982565517241     804.670875763748
75     263.912949328714     242.585589171974     209.167620137300     797.031681441651
76     260.234757626887     214.349117315638     195.769742710120     795.394164653410
77     260.543878133368     238.887819996780     188.215258250703     788.799707602339
78     111.964621471524     112.238941380523      76.995357196346     274.694293135436
79     263.552419852246     237.327618765505     189.454755946164     796.739910499710
80     264.399777548264     239.903404278325     213.193254432184     798.656107511399
81     263.054543377691     231.836677852349     207.149093743910     798.743626799237
82     264.084592145015     226.391585862733     215.715179968701     798.683380689732
83     262.505288436071     234.935160163719     210.599963168109     799.229181226816
84     264.123815236953     218.331925986796     208.421975168384     805.683274951637
85     261.406797419862     232.342156192250     213.468762951376     805.572372735987
86     258.887208628814     231.938626386727     162.408972168208     786.748620361560
87     264.389610389610     240.982420088111     214.913424967050     795.700051122368
88     242.016527570993     204.353570769515     192.464392787313     587.787685774946
89     138.931205942545     169.180587219981     114.767630723763     360.441949185873
90     261.301129078953     240.759088484109     217.372356530116     803.271740973046
91     263.660104156854     229.437859359447     184.834682364484     802.163602865915
92     262.722067945291     239.743842364532     209.303091078259     795.891500904159
93     263.763520330945     240.018385897259     212.181873522519     805.441247833622
94      86.877326799989      80.192743166314      58.788320293572     207.169907616151
95     264.380255464497     240.197293278452     212.929000582667     799.331253585772
96     264.136689325739     233.172189391098     203.720816543418     793.539947564509
97     264.684535760496     239.650746841451     214.855474267502     805.673377924150
98     259.007112616427     236.245252599365     211.855386639886     802.169802661771
99     263.596577017115     231.928346847592     200.808510638298     800.449725544944
100     264.892565688262     236.695009376764     201.194787507351     802.271044186621
101     265.352107932483     233.408493656768     207.680104817577     805.406674684305
102     250.466666666667     225.305874475347     149.062171799027     780.785783009791
103     256.221835431622     229.913750687858     195.395537888062     800.036663662987
104     258.000882160941     230.210985343430     201.494088792129     795.475820051134
105     264.056797445255     224.831926495854     194.591527987897     796.587179758628
106     264.960093093299     227.403292845918     207.360689987679     798.309254962619
107     263.681292117158     223.353608594429     186.124526670095     799.515989758522
108     262.717874675137     229.832512315271     203.479777835762     784.754456584244
109     262.335442150370     210.386985916197     188.737410313901     796.601542538090
110     113.703869204080     103.863284391995      68.355100460626     277.167296725828
111     263.743350491759     228.228174221127     189.922371892793     799.532445923461
112     263.706724035865     222.729771588151     197.346933483165     787.855405055647
113     260.226700147055     229.361729965029     195.800219206680     791.429095818742
114     261.415820620012     221.622139117427     198.688536766526     799.471669918227
115     259.218530803823     228.011982193929     200.478346396812     795.116826188370
116     261.321931745010     228.940101316665     190.260360799610     798.412276214834
117     259.959909105665     213.185438125858     176.631508848131     793.724039341262
118     259.433457628354     220.915292803508     131.712469244668     784.753325005511
119     262.766033752744     214.468182797173     179.748818471233     795.810338564371
120     265.083841733240     230.890197650396     189.537630779615     787.409302814680
121     264.084636730575     222.986735217513     171.274787303665     796.399923922816
122     265.197488007370     227.072702437523     192.938487944422     791.909289140864
123     256.957576079452     223.653627824415     182.054884518999     793.546695095949
124     264.337261509913     229.233597839558     178.937842013312     782.834691428211
125     257.830429131380     211.092474351940     162.193778146859     788.528726708075
126      85.080608539179      58.344206499669      44.049353104387     198.209498548007
127     259.541705653021     211.401503604204     167.566380981147     783.044049754461
128     265.069964609342     228.237555462537     190.895809993278     784.275243081526
129     264.852298610584     227.811893877551     176.034699837887     788.176264580450
130     260.336529697014     220.350882607085     186.008192931155     788.455167844523
131     263.145325541819     222.253188334157     147.427701605174     781.254892001711
132     264.375825633317     215.596605207560     171.849528987798     780.790306575443
133     263.762190178864     215.441431097273     164.680409651140     788.681528662420
134     258.530544099050     211.614350564565     117.062128793464     747.808931816008
135     259.142117544115     216.265990966625     170.280856704785     787.203736063597
136     259.121926481192     211.360996923395     168.196480832832     783.969313387035
137     264.653495055698     214.046161234552     144.235509607045     775.672096530920
138     263.208086162001     220.889222215038     180.805122777307     776.140666530362
139     264.402643038358     219.366443821707     160.327363485656     775.983441500711
140     257.191884526093     222.529974672805     169.687282967530     765.986686708181
141     260.654700341180     195.474247430643     130.067789532294     771.910040245711
142     109.769548126063      86.723648741528      54.773321090441     249.545755621405
143     263.294276947798     199.273932461759     158.020563832264     773.473813786929
144     263.593220338983     212.951104040376     159.634292482121     769.736109458656
145     261.940522927655     211.213627158388     163.632525742975     772.601224243133
146     264.019159738446     208.822908816880     176.622885407071     775.216386594876
147     262.527568866539     209.049484650899     153.820476717289     769.893897869008
148     150.809620428919     158.184273644147     100.417928940929     412.542665557241
149     262.567694468189     201.758148285423     157.670966228033     769.097846693136
150     258.648132427844     208.689075870073     110.387355836000     745.476170248917
151     260.179173278924     216.235466618999     162.092221389278     762.545369360774
152     259.775716675581     191.303799802216     111.579427945752     754.678216021424
153     260.169762295906     213.238901941387     160.234088609599     767.109875444840
154     262.856086232000     204.498468827393     173.262995792447     763.899861634006
155     260.975185716288     191.042557053840     147.237530832657     759.974489795918
156     261.277061616894     200.442722421230     156.107075416494     765.311499813919
157     256.908580708088     210.059453771864     158.517715970999     760.442719591275
158      83.898600546168      64.401298172812      44.381251114377     187.386459482967
159     262.029850521745     209.154657124674     167.785627592761     763.115016720943
160     261.882278879446     205.445573205033     160.692891524452     760.424997143836
161     261.424551986007     175.975286817582     142.669895100022     755.913293670145
162     261.906486786176     214.815437832796     174.102987825046     759.535290237467
163     256.284048853544     198.931878732200     157.075728745843     759.493187459529
164     259.344076343819     205.288721023897     157.772106204430     759.339371788760
165     259.839484749383     193.143219537363     150.391510260002     754.101562500000
166     250.008820499884     202.352888332335     108.910812172050     732.031513898121
167     260.848106119354     190.639828840771     141.065531718591     753.869376828737
168     262.828704216945     199.277829324040     158.393117589923     752.447064855165
169     258.876334637028     202.364306285213     157.818995568388     754.542598092856
170     262.426092637409     197.238555228895     167.877954732435     759.269606153188
171     251.594628487825     187.277057511798     149.655560390377     746.531565468056
172     261.944229291897     195.397942334561     153.515488512416     749.904479033227
173     258.832092565390     169.616194476853     139.345571643280     751.097136672023
174     103.184089436652      82.145129117343      53.208518731747     231.786423342347
175     259.205606607389     204.374484824129     149.430935896776     746.991261927737
176     261.608294913865     198.658721037790     157.184525750126     753.063742522287
177     255.986239786370     207.848308969812     154.420962324454     744.073046870968
178     248.536499047438     203.776014408365     164.404346636649     736.452337424915
179     196.702274388137     130.490739039198      72.933714503712     585.321371936380
180     248.288058161812     196.380421015005     154.509271656793     723.407503530400
181     256.867252243396     178.298888619043     155.243514790969     751.507496880362
182     256.269730818531     201.121931064924     109.055137481910     735.681213566259
183     260.406512914044     187.096854569024     152.578680057224     750.382215817581
184     255.666215213651     184.748854780720     147.115767291884     750.188066808089
185     261.096281704795     186.780803888509     139.211195261709     747.460747722959
186     261.736652399189     209.077414485161     175.461716586962     751.823343848580
187     259.764157833140     207.433675112734     139.942315733330     749.505285617302
188     261.887575453479     210.247304997164     166.048145478312     749.208437413267
189     261.216031929332     202.736127601580     161.802439024390     751.992057371993
190      80.973678355590      52.657625336983      39.507147591653     181.959358253850
191     259.867639591360     191.901943545243     154.392651452784     746.418166386499
192     261.228583595946     190.640306640423     152.192503886996     740.084969475657
