8     651.790317730787     542.090030009994     550.557676840355     656.130763797807
9     656.390731485685     540.282722513081     548.881084047446     654.870007554769
10     657.953281423819     541.171088746569     548.169678587983     657.554320363835
11     658.261547022818     539.105734173015     549.835453200923     657.729161401204
12     653.305339293789     542.169904126719     552.276166617134     658.031771729234
13     656.442338709677     539.668337960468     551.809846623168     659.033296225079
14     656.959483324086     538.629048938898     514.127541954589     656.396450897361
15     658.257981410386     539.625434818617     551.828364529516     653.996235884567
16     659.309647748521     542.488356620092     554.336704342654     655.335309187722
17     655.132542236525     539.827477626780     553.166171350936     658.942800788955
18     659.669769324159     542.579345926603     550.040155221864     660.037050159436
19     655.804846103471     542.749187025765     547.473905546912     659.826761277242
20     653.859587844919     538.749331908071     548.973607038122     660.250919534439
21     654.046478873240     537.691009842032     549.460953346855     655.365120967743
22     653.894969596463     525.667838241830     514.709493670887     658.428094322438
23     660.039869281045     535.167461579226     549.135943447526     659.675041455203
24     616.725084618277     532.339555267002     545.691776548397     660.373301117485
25     642.425311405216     533.459595959596     548.758312551954     642.269056768983
26     659.634116693679     528.907407407407     549.713658618943     659.600709040263
27     654.717489464179     533.495319079351     548.173947744267     656.430030181087
28     660.227128702912     529.091773810004     549.121392119134     659.928413432536
29     660.175202022706     533.359794929307     547.391540263904     656.368000788643
30     439.835119538335     406.807576173483     304.624871531346     437.698946608473
31     657.723376623377     533.923526072500     546.510417531336     657.723376623377
32     657.022936464501     528.008956417433     547.310344827586     656.924883096209
33     656.976947416001     532.660151478134     545.590090090090     652.422344139651
34     655.875191310788     528.304780084308     550.435135695049     652.268473511072
35     657.443357743156     532.884515794925     548.845033438641     657.184966838614
36     652.308173640985     529.172588832487     550.161457903851     656.544774650659
37     657.568404234072     533.297428629277     548.580830591078     657.765457996204
38     656.528967254408     525.916107252337     510.446821331726     655.354383250326
39     656.558271147393     533.123180154534     547.438050695285     608.160094637224
40     656.604518102003     527.312339077045     546.873716210665     656.507372885535
41     656.166145884191     531.293287476281     543.958999473833     656.486664712779
42     655.933064163059     521.484162895928     541.940275712391     655.837354085603
43     656.665184243964     531.094189723320     536.244682124756     647.207889793363
44     656.751210833251     526.806897918731     530.593092433619     656.491651022626
45     657.063079870916     529.129613838470     528.036105032823     656.401118275237
46     655.044849169373     523.311827956989     490.937076749436     655.353265219643
47     655.098286657283     528.920369934948     520.817673162261     657.331612526178
48     656.482191780822     524.496005253365     515.340167753961     656.212515404628
49     656.598597595878     517.965493885230     514.500000000000     656.348130841122
50     656.624612759844     519.427475493678     508.271356085355     651.273601710011
51     656.438142367720     518.850050772876     512.242091192633     656.063534335172
52     647.389410306357     515.665138585232     507.152389540126     656.044504262001
53     656.608685116076     508.112627986348     510.948783707336     655.718842263201
54     656.280296784831     512.985501020299     485.934074877916     655.289888873645
55     656.695944480590     512.269497546946     512.442883736673     657.123480902778
56     646.744475920680     510.454555617663     508.653843297438     656.382577028128
57     657.041346372527     504.225565484501     512.454022988506     656.593363636364
58     656.715974799344     507.866782353334     513.158310011127     646.780110497238
59     656.840926982877     509.625310173697     510.619453794370     656.033957442626
60     651.115336455966     501.231658991111     506.000648718780     655.309218203034
61     618.710265872683     509.505991642781     506.288905665557     655.752033423708
62     436.276895347527     391.927338966756     244.604939051348     435.957674340069
63     658.018421052632     508.682915378897     515.560824742268     656.457010147927
64     651.631913571394     503.750480413895     504.552244882852     650.357251908397
65     651.244983582634     505.003889949784     512.011042988778     650.266381312327
66     652.316607033773     504.021846869627     507.013226616021     650.217118997912
67     651.788956032507     505.402359024075     510.300052205690     650.190238629750
68     651.257229347566     503.246044936904     499.708557457213     650.738836265223
69     651.654383154040     506.612532993268     513.835704617236     650.611974405850
70     650.537372951418     507.993772073064     486.330255217043     649.715867696343
71     651.476197143657     504.683238122785     510.609393861799     650.868646833908
72     637.583636284000     503.290530028005     505.791243919388     649.503480278422
73     649.444073455760     494.432556623758     512.850725078592     648.555679049287
74     649.824671052632     504.283353010626     508.207737080747     648.518035208667
75     646.615248575359     505.798671954256     510.950746871215     636.681564894358
76     648.364476424920     505.329673248915     509.722928514008     648.733004926108
77     640.897987833411     502.024107596007     511.617108703773     648.413525620015
78     646.506025779858     500.609358939681     480.852399386838     647.773196597949
79     648.910670896328     502.443715704207     513.774408165447     648.910670896328
80     646.778738703722     502.851962376761     503.460534775538     605.806862655866
81     647.552066735402     503.643739748497     514.597817585937     647.582415522332
82     638.384752404703     501.769968498424     515.167571064074     647.496296296296
83     647.832578002440     504.323970418617     508.550679027127     647.437592544203
84     647.791163983354     503.144312393888     508.004087687490     639.219512195122
85     647.679795562406     504.382916890419     515.654771516228     648.100418070382
86     642.006910206142     502.261313247889     495.326204810255     647.182561734434
87     648.304668862888     500.016880348121     515.214047124673     648.574816273960
88     646.015677981551     501.422685080371     504.334282135944     646.864736592311
89     639.115520066948     502.734413999287     440.150661575775     633.089043934789
90     647.535103002972     502.558663661673     515.292390506484     646.673490276356
91     647.633160347734     504.892181621399     513.560483342507     640.917435394177
92     648.490967328636     504.055370213614     509.138388029674     648.138041425233
93     648.292941504696     502.977031674643     514.433916316139     648.232657615771
94     429.558291727170     394.526261943475     292.352254728092     433.307596613026
95     648.619355214153     502.202171758133     517.257982179321     649.602226366709
96     648.030425106347     500.492504514697     509.256940447199     647.811428088654
97     648.258380002732     502.498740020753     515.354501031600     624.279761121781
98     642.435010894962     504.598152424942     516.102330486133     648.684975082176
99     639.957738261333     505.434936790015     513.940024853831     643.057123193393
100     648.168922793110     506.112279062524     508.259212198221     648.346715874520
101     647.894016349828     498.100148754184     515.864774302881     638.382965540251
102     644.297776947506     502.173267326733     496.123422159888     648.721151133264
103     649.213975595265     494.446606334841     514.746204297569     649.481117410388
104     648.451598598732     498.270137658444     512.879910213244     639.378776616676
105     647.302034496107     498.232908458864     515.275114702458     647.413422241342
106     648.375544388610     492.092804474956     517.106672900942     646.453509248048
107     646.618173697674     496.432637157107     510.058578611921     648.804652489204
108     649.104443299378     499.002254860138     511.390438122599     640.197654417514
109     649.337640297759     500.754818560381     515.900376919070     648.712122379778
110     639.714581484768     502.030987059711     483.486084721136     648.270952755611
111     649.990969911893     496.792304683134     516.237020905923     650.062266910420
112     648.535757403593     499.236387491800     505.439712190397     648.558786974894
113     647.508060340364     501.153143284619     510.662664706523     647.329295648273
114     648.596464051187     500.430586951438     512.890711546655     649.142972699697
115     645.279862924282     500.123314699112     514.598136435803     641.761068553622
116     621.052489823402     500.756329894872     514.363700887199     642.649184481393
117     648.567703952902     501.094293759476     513.324844062030     640.980482098328
118     647.961897827934     504.366478547309     496.234370280882     642.369131755436
119     649.887774778249     500.618532906764     513.816188197767     643.454943311990
120     649.154746423927     500.958922438785     508.845448161823     642.654841939637
121     649.783962982818     501.924265539186     509.553576564816     649.545718637184
122     649.194873769320     500.180612353004     512.494822083758     649.337734499642
123     649.621928623218     499.644153912882     515.431691311203     649.901163259275
124     648.155435265814     497.813054830287     507.070477281561     649.173987061627
125     642.686739058900     502.466259004195     513.803448206083     649.293568597366
126     429.577243293247     385.217651502807     227.130811490659     431.272811701881
127     644.207930133540     503.926328936661     516.475862604007     644.941243430454
128     648.933066742835     501.249788564074     511.510084616972     648.315799486350
129     649.618403594125     487.176946039837     517.063607055510     649.694021511383
130     644.397815983033     500.780250030684     516.810220034742     644.601426378983
131     649.131158100484     502.574039999312     501.961165882313     647.434271156402
132     647.780055029573     498.143747292659     510.597766317156     648.243517474634
133     643.825383125631     502.246177847114     510.554904513889     648.521649703138
134     648.774231016531     503.304241488061     496.907796911736     649.825532356913
135     645.689498546512     502.891025439452     512.997401722562     650.773667826405
136     648.403386671425     494.853787718289     507.770500458067     648.364818780236
137     645.357626889588     502.973051459525     512.551580851912     649.571306426226
138     647.651956323931     499.918584744151     517.180381471390     645.230141643058
139     649.895701867054     504.378026581913     514.729123665743     633.308790451313
140     645.962732919255     502.989283699944     509.789350330123     649.455631212905
141     650.120829914012     501.298204828393     516.561625582945     646.315852014756
142     647.836538628888     501.532566223827     483.889865321616     649.305632598950
143     647.036543436819     505.373379774265     516.981599847685     650.836189628311
144     646.177017961480     501.729293764864     510.122767593140     649.594055926502
145     649.941372298206     502.149192271143     512.818148881384     649.866770517340
146     649.923983935743     500.597235798512     517.687144118437     646.259252751466
147     650.147978462120     503.404798186052     516.572416812609     645.049814114780
148     641.753277802312     493.065518532385     460.512009091505     638.757385149370
149     649.901570221705     500.120217244668     514.578640660524     646.958582819317
150     649.038461538462     505.693736889422     498.245494498007     646.675608354091
151     649.236480997969     501.421227160190     514.694667724612     650.907653825459
152     649.668488160291     501.626221006252     510.191924723132     649.742457019241
153     647.239959964969     504.436534419622     514.651276666298     650.168279502325
154     644.164489125863     503.333319198558     515.772440388898     647.193806057632
155     650.362391853404     502.714230825147     509.631175585055     647.448542884273
156     649.900026336582     502.432153437376     509.333608536812     650.225395905246
157     646.133609894556     504.650506570368     512.182450317641     647.814277804247
158     432.723940048609     393.595566336086     272.124014880936     432.596164716403
159     648.359455066566     505.165424436646     515.109782544408     648.641133536903
160     649.841347327313     501.053899427883     503.979934693105     648.914778751355
161     647.560909524946     505.216305815524     508.698105954055     647.808341691742
162     648.722552172586     502.768682173363     516.236832519171     650.080733944954
163     646.536030501039     503.796037619350     517.460579044118     646.684558747516
164     647.576731527177     504.689110096023     509.378554360282     647.869391813262
165     650.640918510596     503.718742722089     514.480256898192     650.495967652104
166     646.838980561931     507.370465171837     495.230960133914     646.656096738764
167     648.803795501548     497.813123838653     515.794208849437     648.081552047097
168     644.560099547227     504.189631762338     512.911706704166     647.736707158169
169     647.933965965883     504.174235485063     514.357402823090     648.154827447294
170     647.627256134658     504.494470774092     516.634984833165     647.995211233310
171     648.425818228974     506.240064484475     515.551084990958     648.658760016365
172     648.114672022731     504.359876787947     506.382999571315     648.235344844482
173     648.136973770366     504.510826956085     516.809638979745     648.505400171495
174     646.725140234574     505.449118767160     486.535937311291     649.750116222806
175     649.046299315292     506.211219611433     516.991741117806     649.300345749886
176     650.068682125037     505.182676132638     512.696316444342     648.332247795382
177     647.726103833091     499.452859340142     513.663355683656     649.886670152537
178     648.591436659589     502.979288580935     517.007093999013     648.562749347604
179     644.102792919651     502.947195520928     513.682039587453     645.826753170258
180     647.961233088619     503.285936193094     509.030360811591     648.227156524936
181     648.353460166869     504.467259567562     514.298324737969     642.388608333333
182     646.820705820211     508.789456941604     497.482378630916     647.868725613385
183     648.992595307918     504.968093400011     514.819203380850     648.982022124110
184     647.821772832356     504.834629962099     511.053311793215     649.192769249269
185     648.456087415507     505.727061035402     514.853195974305     649.387189156779
186     642.694591272280     501.923787237872     515.245066397300     648.539217130408
187     648.700753933733     505.705730483459     513.811742591373     650.657004867893
188     647.978635940829     503.663076878225     507.587516673620     650.232118392725
189     648.719044732874     503.935973404072     513.611794172553     641.943366003511
190     429.757762119124     387.281856166228     238.113295217546     432.778085170409
191     648.679993698126     503.545647593794     516.812952513536     649.452037999641
192     648.281541290609     504.018142179472     508.356596685083     648.619713941308
