8     235.054924002812     234.563168431107     210.787896468460 
9     235.709515436073     236.494070571119     205.426084208867 
10     238.006401463192     228.981171916238     200.012296152845 
11     237.425297423549     227.575486217992     199.021948943852 
12     236.171190964721     226.663924855792     195.809649981183 
13     233.699079473884     220.952361563519     190.777623156138 
14     124.961897997966     154.534211619489     147.495128913862 
15     213.292221822111     221.060868237570     185.326682121371 
16     229.021645629620     220.289424359603     183.675837017431 
17     225.595636741408     215.534499015732     167.833831409728 
18     223.853331960037     196.853330112916     162.557367240090 
19     223.349666306380     178.368207601458     124.033022418278 
20     219.299126418315     215.547586932921      97.022108365047 
21     222.416079370510     164.813213000051      95.147260273973 
22     221.648173068733     139.867311619907      87.518789305532 
23     222.764715863778     140.001205050548      85.150139125810 
24     221.055419819030     143.536795115867      83.050416550606 
25     220.548317046688     138.780127605453      77.774325231795 
26     220.227535594711     138.527654867257      70.426033775124 
27     221.566589697443     117.619008562416      68.659099159770 
28     219.453943629008     112.446108117831      61.092994033713 
29     219.956624436332     115.528512558018      63.125830765584 
30      83.954378367491      87.721144360408      47.080334482868 
31     216.701040089527      98.918401995252      52.905813056475 
32     217.313739365116      92.667602312918      49.630012139252 
33     217.615211858062      95.674994880197      44.825042405551 
34     218.697045024282      96.518806442941      41.785279103196 
35     168.344617553044      83.593710943358      39.117352056169 
36     215.066984720521      77.924841009828      36.107253318180 
37     215.668222385982      78.799145580413      34.143633804058 
38     211.940515097969      71.149734108173      29.273916001598 
39     209.534068568689      68.249847720493      25.671677828692 
40     208.524569620451      60.095253143128      24.797098560643 
41     208.854760757743      55.319723886986      24.189727695373 
42     186.048015894917      57.431824280293      21.989911789312 
43     200.910345549425      50.894213141827      20.531040236410 
44     180.469674335226      50.115983240245      21.169019805876 
45     187.535079513564      47.672421362249      21.143823513663 
46     114.801953086338      39.201960232073      19.929223508929 
47     188.155939386335      39.830226374671      20.197848374608 
48     193.145252297275      39.941769366686      19.916438553523 
49     177.733585548827      36.659563758389      19.842431729594 
50     188.180344321779      33.365577218782      18.755482371770 
51     165.467699762516      35.012166709811      19.164027088036 
52     180.560478095520      33.793048305059      19.599717998000 
53     173.099519587049      33.605629295954      19.324719246970 
54     166.646012141511      31.996730931551      17.769397035463 
55     172.344561060013      32.660621409572      19.144262332394 
56     155.505897578530      31.303527519036      18.389233381886 
57     160.634462051710      31.377053239785      19.228639583827 
58     146.479070618016      31.694870919103      19.173186553466 
59     155.544829595106      29.794435095456      18.580643589851 
60     143.055102706228      30.217462421874      18.786328262987 
61     144.731309901019      29.763135810339      16.464693639554 
62      41.591455818549      22.747232093037      14.580779482855 
63     134.091433167985      29.211229381872      16.294851293568 
64     125.395444677485      30.199851121903      18.928074226609 
65     126.645086910252      29.776475739694      18.196958614837 
66     113.220832923107      29.609529053393      17.930290378796 
67     111.854986017837      29.216437762468      18.636655151581 
68     107.390094119656      28.291524203707      17.249053438899 
69      72.313170694538      23.290473963567      14.967631477954 
70      95.017899761336      28.474970252096      17.751337952193 
71      96.021359437019      27.932197250910      17.349011648429 
72      92.063244706418      28.840055632823      18.302129617755 
73      91.744853901601      27.667189434736      18.043245525361 
74      89.677272185622      29.636079960995      18.320538264644 
75      88.296259525598      29.310079148904      18.290923866400 
76      80.707431938715      29.034724518817      17.596289992353 
77      65.961733956714      22.623243834600      14.490421802059 
78      71.924172236903      25.933002366650      16.424783347607 
79      76.947325244506      26.301132143605      15.790722750080 
80      77.949150358946      27.723630062811      16.634656116722 
81      74.855711097146      27.748311601203      16.535090857960 
82      76.599757412543      28.177799093471      17.339811767381 
83      73.398316423511      26.767030007094      15.681640730071 
84      73.862860319986      28.373663278833      17.205202321819 
85      71.586930108901      28.132554107673      16.755970276904 
86      70.918983824210      27.648551905853      17.067962407552 
87      69.026584850586      27.512800199262      17.089343089882 
88      70.371200597340      25.120613388381      15.236255505623 
89      60.681844968118      25.708875211795      15.806616131564 
90      68.522963905599      26.170810309261      16.436317723717 
91      66.889871360682      27.556009051797      16.536782455157 
92      67.045580384936      28.081729575582      15.915427500527 
93      66.006021985930      27.159401054518      16.400966179786 
94      53.893646119291      21.663749768016      13.652604087970 
95      62.460947460149      27.549350744046      16.600624354905 
96      64.749414519906      27.604039240392      16.631530239230 
97      63.809042091195      25.750863534899      15.234214471205 
98      64.241814554237      26.582030537137      15.768966617156 
99      64.565250439558      27.375045167927      15.765427485133 
100      62.216436625380      26.222683024242      14.959474209003 
101      63.371939968016      26.574696930616      15.433442415164 
102      60.311988773231      26.219249781913      15.533726001083 
103      60.573483259138      25.755228843490      15.199790922573 
104      52.794310161200      23.080506648779      14.011638012397 
105      60.725050842533      25.360716073225      14.692436713897 
106      61.279349022029      26.056838587096      15.010933994660 
107      59.777261040107      25.035069875654      14.931046767929 
108      60.119517612291      23.780887006249      14.064767689329 
109      60.797068372148      24.763879818074      14.585782580972 
110      53.444569367054      23.117332855925      14.102920428491 
111      58.255223709432      24.426578902898      12.680102615014 
112      57.505955548279      23.411324663072      14.001041028641 
113      59.147802807664      24.612089506805      13.885049873235 
114      58.438585099734      24.143869849233      13.549823909229 
115      58.840576043998      24.033149339165      13.743483247602 
116      58.636721696137      24.811359720825      13.968614816956 
117      57.937737917678      23.124620577289      13.660780294749 
118      57.466600660776      23.257330451494      13.094055406043 
119      57.778657804856      24.324941899909      13.344273529055 
120      57.768268597762      23.238997321681      13.185876601937 
121      55.365806339941      22.064845677386      12.640921705224 
122      57.046251253610      23.151831372141      12.401977925910 
123      56.489588854926      23.012786217787      12.792385572597 
124      56.646201663772      23.118138320198      12.741347093474 
125      56.398419816926      22.188007934705      12.427694526075 
126      43.228581355028      10.403295144415       5.841905954457 
127      54.478717092611      21.832955498582      12.132604012706 
128      56.251755870094      23.251311048284      12.270538080424 
129      55.542975366164      20.778792301106      11.755757305393 
130      56.452138919580      22.607389254584      11.856493299199 
131      55.686425935135      21.864957332739      11.425388089366 
132      56.260071916049      21.050663809181      11.431475380503 
133      56.092730790745      21.759545148294      11.238531449336 
134      54.280305975122      21.495487434706      10.946952725893 
135      53.975441373515      21.120130663367      10.801453414941 
136      54.692240277768      20.998921829076      10.772330456731 
137      55.785727636537      21.427062607688      10.680382399965 
138      55.373654959813      20.333003624418       9.696210197997 
139      54.149575340596      20.222612943660      10.182836694796 
140      46.174058804875      15.210578157180       7.670249786269 
141      55.429369972028      20.167459340640      10.400793262322 
142      49.211242393114      18.087521210696       9.393617303171 
143      53.748561014268      20.299781861678       9.951424663451 
144      54.563205271651      20.045904737806       9.689830890102 
145      54.480218129132      20.610751235383       9.771790503848 
146      52.663339555396      19.688034017505       9.747091190442 
147      53.798270161259      20.401863077858       9.605822978441 
148      52.475384320376      18.845916940457       9.494819149557 
149      49.760977229755      18.670088237542       9.441797482134 
150      52.930702099373      19.614873416448       9.253635017653 
151      54.083950399482      19.230057645022       9.164965168378 
152      52.507158367377      19.299253706736       8.918373936983 
153      52.223924491478      19.306611904372       8.962703542713 
154      52.683567479159      18.891414051990       8.640301300446 
155      53.298074964632      18.504646193600       8.408336468415 
156      50.040311353956      16.828584317661       7.738649588351 
157      52.519797514975      17.659492336109       7.945044388300 
158      41.951428160017      14.568278145959       7.375662555320 
159      51.596832258396      17.214944727247       7.801470752898 
160      47.397279783522      15.768378253923       7.851426845840 
161      53.666188887834      17.464366547700       7.829577412550 
162      53.043775858544      16.888675942271       7.339252642609 
163      52.358722329017      16.918469985489       7.563507728386 
164      52.521963734352      16.442252103587       7.343517118464 
165      49.261822896544      15.935006813584       7.172713813293 
166      51.334822754301      15.977201008405       7.326621332984 
167      53.105271144043      16.056273445833       6.932429245094 
168      51.313373346542      15.796966345232       6.949398016326 
169      50.736580766864      15.550822403924       7.078131902047 
170      52.464136213389      16.065066171653       6.907776014965 
171      51.260314125721      15.063256751878       6.804374735229 
172      49.413921690491      15.307041558671       6.889456271000 
173      51.758497126806      15.501086406572       6.809799002118 
174      46.551106470795      13.753156821502       6.560013011917 
175      50.525382392955      15.074240855957       6.473028118497 
176      50.962535144425      14.619826401509       6.601499193175 
177      50.563571629477      14.455476256697       6.527776907464 
178      49.296443198009      14.269966472279       6.579919790015 
179      44.701840668087      13.293354357540       6.170276574751 
180      51.033960039015      13.895835849666       6.416849426465 
181      49.901495750840      13.818141974749       6.440624730289 
182      50.060608228523      13.637544923319       6.363619932061 
183      50.615349086901      13.507979118416       6.314180741425 
184      50.476383162396      13.148550345796       6.236288122048 
185      47.322867941624      12.852166968150       6.266430503145 
186      49.651430904886      12.579099956573       5.905713184391 
187      49.258705199217      13.074755126069       6.147174511295 
188      49.717563134954      12.301548574895       6.193677913424 
189      49.655501983584      12.340173402034       6.048604061954 
190      35.124740947797      10.075157759432       5.588307090846 
191      47.476828515976      12.127241868945       6.070499015999 
192      49.493350775568      11.450354856609       5.675426047653 
