8     476.508536674735     305.401399520971     237.133501075730     441.893992932864
9     191.646434572411     228.658624085532     152.041581402965     179.653803108808
10     416.522629793234     206.506387368089     190.991281885693     400.141447064968
11     479.081590574372     214.695838695838     216.951047085502     464.443746430618
12     467.159543136265     198.760005501307     336.515381232051     466.021354353281
13     475.304404948724     283.323529411766     234.338233441893     448.277837056413
14     533.137335189582     255.947003204182     240.475029550829     511.863820419078
15     488.413605697155     293.732953136624     284.641218872869     461.449590991183
16     486.909267345949     292.446815665001     250.720888666808     468.210888992570
17     499.454747575420     302.703714889762     313.648588141836     469.879043600563
18     500.397237145049     283.763507779350     238.023436644398     465.195205479453
19     499.075407322215     284.505048297566     257.784637927961     456.352998913310
20     512.295242190859     310.491896502701     291.329479768786     478.143472232358
21     506.878372056759     383.100883912787     301.996144466381     470.336190992946
22      49.337044142962      90.635163656374      50.096274308243      54.294567562267
23     519.311431962026     288.849130913091     261.345987697330     480.481389305713
24     507.523540562497     245.747340026974     269.206599359764     488.202441202739
25     533.308761158460     292.149779833160     302.020427303504     477.612682679786
26     532.018627450981     298.191592636688     253.214138507602     465.319089642360
27     533.081250000000     228.583447188649     261.566795614439     484.493372934843
28     534.934637326813     284.719906302867     268.902781760826     489.915879828326
29     538.188336095057     324.631740614335     258.822040816327     484.955533704796
30     534.160993191830     135.927277174245     237.170596393897     449.106030506078
31     528.544213864248     311.541712014385     265.776320038753     483.215486238532
32     531.258961258398     317.661446681581     298.193609574348     490.892680569496
33     542.332835820896     299.098388018749     276.719157217803     478.791698693313
34     539.723409441781     306.234342223554     258.186963112683     470.306652033844
35     537.703995498031     188.291762851191     268.463514489845     472.936185257204
36     538.961790128443     321.726726943942     299.816114681167     475.115399679544
37     530.397905759162     323.534122733749     266.762138183881     452.569759450172
38      49.884187164378      90.947659437406      51.401074791697      54.910237088175
39     516.284617202268     304.080047318612     261.697987782968     379.809334801252
40     509.608758900544     304.733998718066     265.121188584175     327.253060622450
41     510.584112149533     285.220606960951     266.436600452004     309.553966279713
42     504.169601794728     255.021674168779     271.340926469996     304.978535724787
43     498.319351728230     280.937588860082     250.946567309129     267.668340006773
44     486.640934558904     264.536051280010     257.672845730241     241.467919248451
45     493.220098410295     303.459979972521     254.295708682161     257.516995375677
46     493.723325766175     224.798087793533     231.394078433328     289.106823138436
47     490.122376352676     293.821621386277     252.643805102671     288.785972569913
48     477.401959156567     322.483513525638     258.694736842105     233.931465390999
49     490.815938669995     207.989196295009     265.906830738322     247.900677160249
50     494.087837837838     343.818322871853     334.377429237734     278.720079280378
51     488.793367346939     333.672850405128     250.644138006214     242.212616535281
52     483.141110780718     229.286921617511     258.740414388591     226.917306767221
53     486.805856988861     196.815675165250     254.380693980247     238.526127680552
54      49.564253694172      91.509665553335      51.345239289656      52.786543675586
55     488.343869948070     294.922179367306     256.538370300083     272.471025447216
56     475.709255079007     267.764880661493     255.756231445695     219.738329750714
57     489.082579989843     284.155680141635     269.955596254836     229.709528655938
58     489.789392378991     211.744827682162     238.302867074832     253.236201474283
59     479.581656847248     275.744841261645     256.127760403676     216.142917280573
60     483.521024899266     270.838557842551     263.093788063337     207.468266516927
61     481.315531921835     212.568833114816     253.981149939749     204.277871621622
62     247.461222664175     171.339519759327     172.344080279465     109.110707292679
63     478.611698015975     346.095025153716     263.095526193319     209.537717757401
64     474.832381217779     231.729502762431     292.289126659090     189.917075345519
65     485.830441586718     285.472972972973     272.159859732042     197.141003340788
66     489.531156881365     198.013112756460     231.442424993033     224.650126977925
67     485.432863616612     309.096723190640     276.656630875095     192.863365066838
68     483.184018440261     281.880251702439     260.689795918367     186.381050087773
69     479.777222300239     283.164553185141     255.840467275723     185.175804878049
70      50.201149856643      94.657514859892      51.547742450107      52.978217821782
71     178.345011307448     299.404324231569     203.468201099077     136.640683275415
72     463.455442707504     291.454039443388     258.206896551724     176.346182734475
73     475.943878031182     278.389353737752     421.997746995995     175.319955625917
74     484.064444988973     265.550988859577     245.491114701131     207.145295112265
75     102.715833962830     209.327290076336     108.952434243636      95.696649799337
76     474.056155507559     210.550405234224     258.279610771668     171.933074899070
77     481.926837190418     282.485633597233     260.361000219346     167.974442672906
78     473.580552712385     228.386494891160     221.963372950672     204.056627489030
79     483.104391739109     283.954117872912     252.853812166320     184.614478421583
80     467.859276701930     290.021786492375     260.299955026300     167.503428837467
81     480.390293084866     285.910155603377     300.275252086231     169.576912692374
82     483.020586947000     307.346611495830     248.557745990464     204.367576198215
83     480.043333656237     304.890525020509     249.604801880457     170.311169664337
84     476.126305382191     265.814054576189     262.638329782701     170.986219292990
85     480.912294440094     292.365510674919     254.296066252588     163.267653735250
86      49.787020869209      89.707813483195      51.791549225199      52.160897280214
87     481.483675018983     285.990011024622     261.874271555087     176.135529402082
88     301.793084653381     311.130715740676     277.789881316338     125.950027367658
89     343.835709461994     331.270450027110     310.002266346447     150.224518899780
90     484.719842467330     248.352310695895     247.981892637997     197.775366250678
91     168.109671551635     190.591887159533     149.282238832126     124.255438160348
92     483.495438697044     273.870652688536     258.792923611821     170.816779723938
93     484.485057684289     286.032715585037     259.802005043666     161.957762839973
94     488.833193743351     133.616200864987     218.263247794140     195.737978917219
95     483.573040045121     286.559499170855     255.879955921853     180.707777363446
96     472.926315789474     317.573736090786     260.871600626006     170.205743290738
97     479.955866588458     276.068849979641     269.815889115035     166.247463849344
98     486.587898431131     278.681152488327     247.316637357751     194.561653746770
99     483.837555858154     217.084070491860     254.425087740530     168.738622682398
100     481.044977705415     302.578903267852     265.987375829932     170.502983802217
101     475.889607390300     303.537891492544     257.649571991921     164.698157985343
102      50.383854615576      92.498602031580      52.325230511316      52.495068493151
103     190.431805994960     273.029483557247     260.306585794913     136.735499085571
104     466.093963154204     176.185640790853     264.138434305119     169.238617688586
105     481.756994685959     283.085814789037     279.085455186099     169.074194744352
106     484.410349466571     259.198258977149     250.801133878675     203.162378134390
107     482.052214184097     281.146773766440     257.337022913098     170.427085451335
108     479.567061028464     199.708003560932     267.620865472611     170.865436182089
109     480.434250328177     305.597694681430     255.775162941918     164.180306606074
110     473.173266243710     230.430150486083     233.694844748180     204.239898960092
111     483.814166757375     286.276515578456     262.218530153533     176.919815310519
112     473.260364842454     298.476311875929     261.816597141587     171.756434731091
113     483.843917664053     288.592719663984     273.487118550163     168.755328241253
114     487.128129900349     271.789230074509     251.696553887168     204.513639500929
115     481.512262243979     395.561991076966     418.273604264952     165.068210090418
116     473.109069713220     280.395312845457     244.442345684961     169.912647374062
117     483.848508087005     202.971008276386     258.803109967558     165.281203114953
118      50.459763380708      92.584843585420      51.884170765774      51.653303991391
119     484.412413762604     311.056213437837     258.912057391387     178.429730324083
120     474.685149184346     289.056166763173     261.607797924746     168.628392985828
121     176.714314214464     212.207957466806     171.606606360466     125.514575964510
122     487.899138127028     238.864509339647     242.962813532457     196.042154916828
123     482.176376791374     314.896202960051     255.470531084663     169.503993890049
124     482.915325565990     209.636077608810     278.233038480535     166.190246944208
125     176.550603205507     172.829978694584     175.174204008417     123.891155101662
126     220.823926020906     164.944931433863     172.393619983294     109.190371219469
127     480.026300609294     163.960439871683     163.290831938287     172.978349269864
128     469.856886805460     169.557469727407     269.628791550048     161.028770562004
129     184.588133743427     270.146626913062     206.255271501741     137.566212499137
130     483.363796371514     261.451849139509     249.269063266393     192.678994272453
131     111.201859123632     144.156734013377     106.226652999953      97.290150869530
132     478.102657584188     293.547596606975     263.536944162884     168.968116007550
133     480.378861890775     308.676459901899     253.285971014493     158.444790393104
134      49.163514509667      93.631411474875      51.734757943137      51.366886721188
135     480.961098914318     287.457984326132     257.280665063265     178.999451554954
136     470.456027277043     290.930934778160     251.791581006060     164.995373196833
137     479.943559850106     301.728442867846     325.142633427035     165.700493221305
138     483.347518533190     313.831349206349     238.006882811085     191.723500131875
139     481.008597054407     267.559580647881     253.099469342187     164.156868737687
140     478.870214251195     286.911550618912     263.458371184425     166.665109281703
141     479.321736728574     308.580998348787     255.338235706278     162.393320113188
142     476.982290678900     219.038490734802     233.624834459947     201.410876034847
143     484.615466007164     304.600014422846     263.266925676612     174.571505326965
144     475.614977455401     263.953489320903     290.918160561185     169.736076433678
145     486.450866555381     295.338954632169     268.446675923731     164.671401979441
146     490.058601935632     247.827062787136     239.568019517048     196.189314220873
147     486.078500382555     271.199925131512     257.458502188361     163.471248396751
148     483.633000149187     346.895519685234     305.802803819696     169.074320285326
149     482.527541208020     230.677371769426     265.460890768234     162.215529988683
150      50.693299472328      92.571884309936      52.312666998129      51.763864752082
151     485.891300099874     292.886721459514     260.592718740539     179.284450230322
152     472.892387690204     252.467823192077     350.227104653482     162.335690842694
153     486.088791681457     276.390700407814     269.244786907997     165.276366372869
154     482.789310989994     261.413189741557     247.520759044938     192.422296612711
155     477.985535150079     267.131517522610     253.779002715482     162.448197177900
156     476.614273297924     337.131865129242     260.269839260853     165.614907332526
157     479.047487097450     282.006833151153     255.521514988369     159.618659178882
158     479.497797768780     131.422138952182     221.420238537339     180.351994822571
159     477.806877823089     283.773891368805     261.334015143180     175.253383103098
160     468.167790604641     358.623104950868     293.670271731038     164.066158889793
161     477.942200452812     276.699017192752     271.649006589357     163.279801244778
162     480.682750343532     234.210217641874     242.600018435364     189.745622828580
163     478.194158017225     183.696631449808     251.585088032889     165.539184178724
164     473.938325991189     271.297587562629     262.027097298952     161.274484822405
165     476.373095245864     284.011657596405     252.589253274278     159.672835101016
166      50.537705358289      91.773099205823      52.585414597782      51.424630027266
167     473.500785948338     322.762508662509     259.782634252664     177.242777476910
168     469.414887865057     261.967505450466     255.725991935082     165.930571108623
169     479.230440826052     190.417067234745     267.896173370278     161.591376610802
170     482.412477812606     257.495797031918     245.514966768277     196.726411403965
171     479.261695335137     214.497940906661     251.834412301398     164.353367584815
172     478.227221792471     272.189014479753     261.111885655189     162.124769005289
173     471.618398004512     301.007172978799     256.091497772384     158.435380986903
174     465.943067083957     218.999827318252     221.342684645318     196.107623318386
175     471.967721175992     302.855357530972     254.947782303068     170.697459329675
176     463.816968142195     258.403444743012     252.358392411418     160.578137673837
177     179.405124720955     261.406349494144     188.749670091432     134.576701856571
178     469.497797131147     224.891187386890     242.501781136818     191.625242743822
179     467.439513247151     276.051889726464     246.169768025410     157.705900269684
180     466.715093015525     262.903113946876     254.112536701122     160.716670517683
181     471.913712358202     204.346991522503     251.767357323422     160.336271608071
182      50.940324759148      91.534717055617      52.321572036193      51.073478168217
183     471.026303342753     289.824116380251     289.303166089903     172.456682533395
184     464.859004310864     348.286392568381     457.195815526362     161.313461852573
185     471.545664428607     272.175772686240     268.175561202880     163.498037494190
186     470.519143479068     220.572248223491     239.145591766724     192.953655948701
187     467.119294235303     257.994303524713     243.633682406484     159.401840226212
188     469.733682086866     267.163801128895     254.945047680043     161.905088214842
189     465.446728962050     193.351494309595     252.282321998333     155.278195608443
190     215.406803286411     161.894871008096     168.115597738272     108.064969628807
191     461.674191147989     280.409375425649     255.275808037966     169.437852246051
192     461.070158295876     244.223816538599     256.672703231961     159.126831006132
