8     734.211584057829     597.858968465547     512.686218858399 
9     735.432352941169     620.523241385902     496.750487106028 
10     745.090180360711     576.331989902128     467.824273799246 
11     740.403778308865     568.451550895585     445.382714359068 
12     747.852805887768     559.980023248810     442.463464416928 
13     741.886414127025     514.429671762054     402.155812876333 
14     581.677984274482     341.452848001678     297.171680284839 
15     728.836903629958     508.164996295284     369.722655695843 
16     736.424499012136     505.826063355436     382.069409869673 
17     732.516781919378     477.245375627267     369.897683397683 
18     733.386873629155     431.000528820730     358.172709294661 
19     728.260349071379     397.180400890869     262.298154416505 
20     728.485657104737     476.387828552732     188.788520551498 
21     729.531728665208     370.682897625224     151.663836140531 
22     736.547945205480     288.966132936552     145.535092330578 
23     729.830609295086     311.522780124341     147.282725273739 
24     727.417576933740     292.149560182608     137.973938558943 
25     724.610339717909     309.808879085811     130.258432730537 
26     710.170456404384     304.629289172690     129.139185531130 
27     699.422714117269     198.663819875776     110.936803448012 
28     723.506172839506     254.790109079616     100.038072593981 
29     715.742757323301     252.769332979006      94.895451338659 
30     242.809291487657     153.164222638173      76.204079300691 
31     693.361171081038     200.992505304291      79.324457670922 
32     712.886201684301     193.822344859978      80.292727416442 
33     711.275515197651     195.134972253714      70.399479043334 
34     712.128222996516     181.374182538057      62.530604560089 
35     485.800406740267     175.105374767652      57.724173642876 
36     684.920234062211     166.190681396421      55.043833378709 
37     667.026944894652     159.796398757523      49.998595308330 
38     675.271984455184     138.106769108491      43.525011801807 
39     651.080158927241     129.016533643011      35.951895019745 
40     670.528383619604     120.430263169798      35.085222405836 
41     657.610950726623     105.474768482185      33.545733647834 
42     554.168009205984     113.608924238339      32.173206364962 
43     624.439213681569      87.961736363874      28.748024690037 
44     517.231200373657      96.314498593918      29.422635719331 
45     574.832370197186      87.489005861303      29.450235156654 
46     426.820643341204      65.284197985995      27.773051513356 
47     539.901196047842      68.861491209273      28.489628517935 
48     556.018099547511      69.246508043541      27.864917666760 
49     507.033041108001      63.137839771758      27.644146903298 
50     559.658656053880      58.961075611280      27.292932949895 
51     428.637688364145      59.335340467261      27.242378644803 
52     493.761210156672      56.824338135004      26.794352075462 
53     473.732673613539      55.824657477800      26.536854002131 
54     460.199248482513      52.264011379801      26.050671572869 
55     465.549183604440      53.358397005752      25.676939618987 
56     415.230773894328      50.873129588983      25.657492961915 
57     421.741087851450      52.877034358047      26.545698124442 
58     394.850841916820      51.692144654921      26.285698494233 
59     379.585288179931      50.611275818143      26.132405852253 
60     342.639593908629      49.797652700388      25.196466034123 
61     355.889738517947      48.709977219453      22.154962571422 
62     104.858125304597      34.843118114628      19.007847891278 
63     312.243504154459      46.731709771561      22.132912092682 
64     297.124722089019      49.186998441199      25.539757483100 
65     295.167524441413      49.488841142223      25.133096912152 
66     247.279752551400      48.808953547595      24.137172085093 
67     254.196209732471      48.165948063467      25.545717818507 
68     250.743221690590      45.141090202315      23.656622653576 
69     172.756093121094      37.693666260658      20.642842210205 
70     218.843045512548      46.797926156042      24.082178611742 
71     219.046654321762      45.391228423887      23.346980044257 
72     204.206722406150      45.489457845444      25.007854536459 
73     196.087253786900      44.473682204855      24.026895454078 
74     188.536988654665      47.254464939795      24.227934029747 
75     182.694763374714      47.461576405836      24.917047292508 
76     178.412055274182      46.301102081108      24.230094457387 
77     152.331299943533      37.786531662118      19.939220765259 
78     172.675455537829      41.692354479655      22.051541490674 
79     160.719834503511      41.154382540467      21.422459327062 
80     165.980898231964      43.637889436694      22.646927727856 
81     163.910200595499      43.321459028318      22.093099037447 
82     160.577630915710      43.615577461361      23.306872775692 
83     149.083544760778      43.016383101852      20.657360536580 
84     154.931925803046      43.558510277457      21.479302361562 
85     150.820825737468      45.189477557027      22.666103583621 
86     151.584883177356      44.374412364495      23.263358091380 
87     145.922423932498      44.285025516605      22.341039549762 
88     137.383960486629      40.073441970394      20.906392292671 
89     113.871387390969      38.991067610889      21.089031150548 
90     133.634152360137      40.723894402345      22.162692450256 
91     130.675599426418      42.472005930910      22.391772818805 
92     138.457090100872      43.391360257872      21.624215495696 
93     141.540265980847      42.339549987650      22.198249893325 
94     116.178718413592      34.693622339964      18.377613117734 
95     125.225404886160      42.640459539695      22.696103785034 
96     135.707713636766      43.097048816679      22.594536403676 
97     130.505909463391      39.881174107781      20.311742626887 
98     129.219077391010      42.262483074968      21.421567589003 
99     128.558993044054      42.292928259969      21.095978867038 
100     126.853401378799      39.774022362179      20.061062788812 
101     129.508639444600      41.051497068388      20.838837909070 
102     125.583315885775      40.694691818705      20.842580450219 
103     124.090000611477      39.480313275581      20.668847702855 
104     109.109869201555      36.361817092245      18.996638000468 
105     121.297393364929      38.281639516072      19.847652169784 
106     129.583944293797      40.277430062381      20.141701595132 
107     114.009700327878      38.203798415767      19.771047512163 
108     125.070691024623      36.956706986821      18.813054511742 
109     114.922740335716      38.759040887743      19.527586810852 
110     114.666101167006      35.527147890505      18.896071063118 
111     110.367450695570      38.537593178237      19.051867766824 
112     111.879936537884      37.500054410204      18.845951601653 
113     121.251064957563      37.538821302135      18.773543417731 
114     112.136239782016      37.574103228903      18.666278998770 
115     117.992975818195      37.788314150615      18.516979273102 
116     120.019920860714      37.081063696037      18.353782254447 
117     114.932015522276      35.862112975900      18.295334643178 
118     114.234915337633      35.616241183239      17.737343942814 
119     113.804719034582      36.832156709781      17.861084772019 
120     113.306903126229      36.256819135543      18.155808258371 
121     112.510286035321      33.095064831301      16.974115356183 
122     109.892574833574      34.754964937361      17.339482871714 
123     109.523721347175      35.357482048142      17.114083889270 
124     108.395813927045      34.288145839472      16.662361156021 
125     103.832273498681      33.669076529956      16.420468104398 
126      82.459128570840      13.337529420393       6.668698014768 
127      96.036768020658      33.078655188691      15.970427487701 
128     101.756378674549      34.051053519016      16.296036657896 
129     103.633152113366      31.873484673704      15.709051392944 
130     105.525484472853      33.178058640398      15.557015336414 
131     107.132399787386      33.042444435902      15.044775235812 
132     100.775489981294      31.851406328398      15.144213411780 
133     104.726700885841      33.218833463127      15.301918425874 
134     106.686649226267      32.262020894423      14.910294227003 
135     103.672638225322      32.199614227282      14.710281968486 
136     109.461371609137      31.981472788158      14.791987584130 
137     108.960962889320      31.999392130434      14.247168048581 
138     103.837531114846      31.717900013926      12.892224349652 
139      99.214387814547      31.146528459876      14.303250376805 
140      90.067616359220      21.887509295688       9.563638869146 
141     100.572863281476      31.365007436326      13.869815785277 
142     100.353838480514      27.714568434376      12.794574565353 
143      95.180926603805      30.742990072234      13.340294860988 
144     102.327117437722      29.623354482447      13.178475290651 
145     105.088205190755      30.616842609438      12.869060514787 
146     104.083209417915      29.357238380720      12.985379568885 
147     101.635976775839      30.254794303763      12.922756930819 
148      95.761283564386      29.739846796019      12.335087740865 
149      96.953499749744      28.350701955058      12.350714993466 
150     102.397083637705      28.230556947870      12.249838064819 
151     100.655007859743      28.875990632379      12.171796947639 
152     100.246378561877      28.508334847625      12.043955348187 
153      92.819154110832      28.800784961401      11.957823699504 
154      94.654266570177      27.609746566476      11.553241418915 
155      91.992609863903      27.347512389892      11.535835278794 
156      91.287345691572      25.014081423195      10.393322282987 
157      96.952229808769      26.866693510961      11.101888851815 
158      80.202799806047      23.240544998253      10.323488689495 
159      93.289987931675      26.138551890619      10.469484904686 
160      86.022478154316      24.564126079363      10.223981773172 
161      96.894271640746      25.905825350273      10.045796035317 
162      95.993288963610      24.852071580617       9.834122656917 
163      92.398518661971      24.689498796216       9.906266704814 
164      90.733309387693      24.048719584335       9.642171242145 
165      90.376136324946      23.435346112805       9.406500575044 
166      96.844079428438      24.184424501057       9.379832283766 
167      94.803953621282      23.044365346723       9.169092292404 
168      90.268260144362      22.816027017433       9.336770077484 
169      91.566780392134      22.416477268262       9.001899840272 
170      93.066326277842      22.557957764710       8.900214726094 
171      89.474330209664      21.951672224708       8.870274032140 
172      87.427720278131      21.501670243787       8.759551975864 
173      91.796982483512      21.452278548748       8.734741656097 
174      88.535128056293      20.437313056466       8.437190439718 
175      84.484346503822      20.869696560322       8.500021960137 
176      86.822779971971      20.006523078764       8.427338154476 
177      90.089090536450      20.202379344303       8.294847250509 
178      85.948548177030      19.823670806604       8.170286419466 
179      75.522852023261      18.515083232865       7.789091027995 
180      86.987150877088      19.333521867642       8.108454102948 
181      86.201685417759      19.550755053770       8.055580920115 
182      92.740614867583      19.372316393258       8.040471470886 
183      87.213228726059      19.103982349691       7.971434926366 
184      87.026123885893      18.424547756117       7.739542280341 
185      82.361283021360      18.243376975582       7.746638502705 
186      89.336921627804      18.021723497424       7.450354174723 
187      83.618396125268      18.146934006871       7.664016509846 
188      87.955401554022      17.779619805891       7.545223437336 
189      87.908293076733      17.344475385257       7.512162665655 
190      58.755890942445      14.595723965391       6.788320012035 
191      79.675959024843      16.952280311436       7.470734777985 
192      87.011472600797      16.235885131245       7.407218042232 
