8     215.553043737681     231.548078121373     255.758357586720     211.280991601284
9     217.967981492968     241.273014046874     261.413458252073     213.347181885311
10     219.077762251893     236.174885206624     262.126339537501     215.654104935203
11     219.991816998329     235.151190949509     264.964079172439     217.527726231675
12     221.956587030718     241.885293461283     266.480690036673     218.665411384956
13     223.171047671272     239.324794648926     267.869518716579     219.896601212285
14     112.656543370106     198.039120250661     125.372208795125     111.032959536093
15     224.314449493905     246.083791286614     270.159534768006     223.158169643622
16     226.025849821546     243.155147990756     272.433696696320     222.661887694146
17     226.927615995542     247.526045822410     274.087047983676     224.429868228404
18     227.675675675675     251.812304483838     274.395084588839     224.895695364238
19     228.472832572832     251.247360802856     277.305457333958     225.567141421492
20     225.841476655809     247.389982820141     273.867246279886     223.252010358457
21     228.718957237594     252.166165661424     276.565363508742     227.406894380608
22     218.852173913043     250.242437063677     235.811739973541     214.525933986217
23     229.956086880364     252.339080459770     271.630899422731     227.757898023976
24     231.000422594732     250.836045199900     264.266381967246     228.529700728147
25     229.380211952745     251.992079396889     267.773845498611     229.117499045570
26     230.795959595960     250.771464330413     262.397066526977     229.369260844297
27     232.025834326049     253.217731294629     255.438243814594     229.811200140882
28     231.906441013320     245.205020920502     256.849008980806     230.150005259652
29     232.332926233512     250.600210771952     250.826784705217     230.882758859838
30      97.111695195381     116.966141380127      72.810048638292      96.132501117149
31     231.959095953635     249.325393369057     241.634345065512     230.958237594934
32     232.745320596426     242.676859747133     244.103367961847     230.708153531683
33     229.476317451407     247.513112582781     240.235587959817     226.378720753150
34     232.665802655084     248.615177318237     253.385569055294     230.990958408680
35     233.321123960023     247.086204030366     243.750000000000     232.231519738898
36     233.255532636437     245.901813356922     240.460174439559     231.062286792845
37     229.402706892647     245.814917127072     237.143783199784     227.414135483760
38     220.634944407365     242.992344514764     200.147437128048     216.826390222052
39     229.483930259427     246.748461292326     237.551172398797     227.955606948478
40     234.048912565712     244.301706735181     236.661985101957     232.381949899625
41     233.691444966093     244.152072811830     234.801967224571     231.985138004246
42     232.599334149834     239.286188355131     245.221888810082     231.895299843500
43     232.203418242146     232.887600526900     196.391052062323     231.587090658394
44     232.828804204993     236.537985048060     237.535821535822     231.801283840357
45     233.678986442866     240.817486278206     233.662225649118     231.585892514395
46     111.476345696414     144.940260118917      86.988613211674     111.093757732000
47     233.693879317808     241.384065098811     241.371114846740     232.726786791965
48     232.968628467721     237.353232516674     239.109884078700     232.757414842637
49     233.894632206759     241.507000491263     238.970382458638     232.061045923528
50     233.977538156337     242.095679523258     247.700828209949     232.142857142857
51     234.381651376147     241.508744288640     234.302038043478     231.806028833552
52     233.724898507176     241.411034437217     239.839136638730     232.354524509414
53     230.954773269690     241.085630394163     234.419514474071     228.975729714199
54     210.414449339207     239.251051893408     201.182506142506     208.519099521239
55     234.251222304741     238.430920171971     236.968039316962     232.520771581712
56     232.833288006527     239.426134377403     245.506729993727     231.307801418440
57     232.864553778695     234.577599506325     230.703751617076     231.717768972874
58     233.552315766858     237.930303456686     249.663467690339     231.717409178111
59     233.761206836170     235.946817723890     233.626205351674     231.402929450511
60     232.789494627935     239.574090505767     243.483689714375     231.461637376768
61     232.775314758133     238.579641009056     233.626783423857     231.359024619727
62      72.928127898164      75.389055162177      46.933722748040      72.872552109549
63     231.343747775959     239.879787469559     241.013623978202     231.236777520896
64     232.381316058643     235.871539313400     248.003056490494     229.447702407002
65     232.063636511367     234.668222302560     234.895961838967     230.721382987317
66     232.971669004208     235.938828653946     250.255984465499     230.809961248089
67     232.674412722972     240.008532449396     243.973480594035     231.127078191733
68     232.992248062015     240.809213820731     244.686839663584     229.893197604117
69     227.169541338085     241.776375010615     231.247282424767     227.872580537584
70     206.610549077149     236.937192249105     201.950512537931     210.287205445428
71     228.697124600639     231.900069776715     234.601068925528     225.621559151082
72     233.425891181989     236.586139643739     243.442963458483     232.215678141850
73     227.967048323116     204.134213288125     185.831594032483     224.995373048004
74     232.918247336075     238.755982596084     250.268991401017     233.486038471767
75     233.414078792436     233.636150634745     235.809338856005     231.642802838317
76     230.800167167720     225.302538592128     237.544421473269     230.508058326938
77     231.809017289866     236.702831693698     213.052375254278     233.059152311639
78     112.882442636349     144.764231966585      86.907347492686     112.215803259604
79     232.439057116954     238.071030606181     222.007585553965     232.827454684151
80     233.539762460308     237.379411187789     239.179258673662     230.650610759768
81     233.703166226913     234.245952498008     236.305063875635     230.841271697546
82     229.906148763512     229.729303547963     250.346087351344     230.991572807399
83     233.320181427248     236.991264147936     237.787300063980     231.373819121286
84     233.836666565506     223.344212875736     236.256519539455     231.789663678479
85     233.634022504134     234.426385952549     237.873370577281     231.859698545000
86     210.850877192982     231.011999385363     198.029649143815     211.736351531292
87     234.689631538546     239.841395251103     240.613272246894     232.405462270426
88     230.616582064298     226.162796931443     230.307826290409     230.250961638424
89     206.724118874415     208.005015944348     154.365406479758     210.607767436516
90     233.697059367487     230.735519684464     234.869888475836     232.561563661796
91     232.965280254929     227.834387645937     196.928858601697     231.846050078099
92     233.978065157346     235.425514843541     239.024910863970     232.607084180655
93     232.972941058518     237.807668690728     235.645269242470     232.630863524622
94      94.029878561196      97.717533349020      65.627088151365      93.688027383829
95     233.384808668796     237.915706113388     237.951260647723     231.884472553650
96     230.114201112400     233.532004751221     233.969059267472     228.110668173975
97     234.502060459922     238.413137615416     242.513878668956     231.882834639514
98     229.912736292232     234.353824495542     245.392110065983     232.512323508732
99     233.811321803926     232.754308595047     224.328635324874     232.756456032550
100     233.219414619269     236.511993887075     225.350159478574     233.031288931910
101     233.971159557000     225.962260649515     233.059213502697     231.852948813377
102     204.432286649971     220.911527806690     179.220848056537     207.167587698222
103     231.340298021334     228.192684572383     222.876053155938     231.016750418760
104     232.898515639931     228.202746566791     223.973533466074     231.541452910254
105     234.494055502750     227.204616824688     218.861345821032     231.236843318326
106     233.529026711513     227.644019701536     239.455737704918     231.742920433455
107     233.191188098515     222.866005205855     215.405285866934     232.663136057503
108     233.389713113002     228.011695580741     224.936212296028     232.819005103854
109     233.403258006377     215.297163537777     221.658113018749     233.063985602547
110     109.582707933552     131.066453562799      74.921302971652     109.045419310927
111     233.014023407295     228.336625398130     213.985545097850     232.386618217941
112     234.841125340740     223.372641105608     226.118754023672     232.444116374373
113     234.066996930295     229.909924375207     220.036376219970     231.630394783962
114     234.461471039369     221.497251420291     231.354995255198     233.031724137931
115     233.502710427173     225.389302447533     219.874945785745     232.260120292273
116     235.031134173462     221.056365339783     210.389515593895     231.676843331126
117     233.087073337289     214.004943880278     198.181696173615     231.485563399855
118     204.249734640210     221.499476309486     157.795938268778     206.868853570425
119     234.032358691124     213.091327354435     203.544310030847     232.174604688626
120     234.371087555296     225.886895664066     209.892923214920     232.565843962233
121     233.352851772669     224.003939228884     191.059341297495     230.542694402178
122     234.670987752505     225.836616376630     221.390880273104     231.141547861507
123     234.220895782503     224.061713301287     207.023105953634     231.559676848121
124     235.528830438253     227.447689837119     202.608509420853     231.908157823333
125     233.215381365273     216.386921654352     181.540554260628     231.233778061108
126      92.292170481284      68.590410225435      47.906489372285      93.055726324453
127     231.254702561876     205.166566506410     175.023687929278     230.769715404881
128     233.852361428008     221.461159173064     198.757543724074     232.094462180224
129     234.128587608541     226.003862973761     190.651243023152     232.670432375648
130     234.431302377884     221.983009878520     216.205781939577     232.397861623962
131     233.197017331078     222.099486267536     152.478154934574     232.649384249198
132     234.212627291242     218.869796279894     195.356998647510     232.403065586768
133     234.723835179088     215.777345844504     183.606669668318     231.551747372884
134     193.276889710017     217.089579067911     142.215072927654     198.777013072020
135     234.961763928068     224.747040016864     194.833703895471     230.889380562915
136     231.970830673193     213.520825851611     186.640610017807     228.791413918799
137     233.027689283299     210.938209514675     174.662401245663     229.267012798178
138     233.687891162046     214.756303154878     210.351906808359     231.184690963717
139     235.405886319196     217.495604991185     179.531064236790     231.466691859925
140     233.336385876320     223.690976359190     186.515385218687     230.777690799816
141     233.169788020910     205.923517246056     154.885278579413     231.638759995423
142     106.775970579967     108.231135819772      59.976030691543     104.595289343981
143     234.082050997851     208.327073149346     177.878962711325     232.204670396794
144     234.633655705996     212.026392833734     190.273966962404     231.486811895831
145     233.675848894182     214.835047187454     185.039475772941     230.991438096681
146     234.239045854562     210.196429684740     207.398091996330     231.160827334019
147     234.090864771407     211.879029030570     174.131652519323     230.903595392530
148     206.637456606586     190.022977725674     135.401452865409     210.398777845453
149     234.291877785405     210.755214561565     172.433395752052     229.958220368439
150     196.321022345919     218.934940769054     135.070236522992     189.647719904906
151     234.424121008333     219.537184366968     179.209076895357     230.134316770186
152     233.699873560924     208.170718806427     147.113237886243     229.889389643938
153     234.252528149244     218.208706696161     177.427410258364     230.727114604136
154     234.511496041213     209.430815987155     205.312911344236     230.108474083408
155     232.614696752741     196.830948692615     162.649049009364     229.350447232277
156     234.331089101389     207.810823101410     188.498411146419     231.495295364785
157     234.781960817256     212.659346744502     177.874529756180     231.571187899599
158      91.622140384921      78.211932813101      49.607363506373      89.622615720471
159     233.100750746062     214.025512272841     183.933330282786     230.831328600898
160     234.035539576567     208.178903745406     188.833408987744     229.727164477885
161     232.984995211695     190.486508596929     163.187468416873     228.309176528019
162     233.737758023522     216.779419436066     206.013291934263     229.505998231051
163     229.167101530095     197.762118700032     173.913762425785     229.271625149149
164     234.080663596878     210.309187000517     178.833021983677     229.629028059764
165     233.040524362504     196.699838659153     165.473147772964     228.881940715599
166     189.948502378116     204.223669208050     133.305494219737     180.294057187556
167     232.713830531405     191.888071929085     159.213593381858     229.098314691771
168     233.256198347107     200.000051913331     183.076225805398     229.697702323016
169     232.833951146386     202.936313683891     182.243189316666     228.344154615390
170     232.908133496703     201.013423135632     205.959271859531     229.662817917360
171     232.547985146177     199.725751244393     175.821845889188     228.255196098054
172     232.954726017749     205.649465434321     176.189982048018     228.990376493720
173     232.702359509775     183.543901986769     161.890049497568     229.443798297672
174     105.045182843496     100.765570007651      57.987967915571     102.177722541093
175     232.837198810280     206.481681800939     162.176969953725     230.362131957877
176     233.171974522293     201.722803332394     178.319058198369     229.573000515035
177     231.572412929090     208.052264134607     171.013151932817     228.580942505993
178     230.573301129645     206.766094735298     202.026348348199     227.506736754566
179     220.813388102755     169.446650924851     120.384482613862     205.603418845843
180     230.406651815969     209.508229338226     183.399775515733     226.350877297738
181     230.915834406734     179.186646769083     167.209232157460     229.402655104276
182     184.680929680154     210.766415662651     133.823145514092     176.718297473178
183     232.616821802298     200.529400956456     176.065084363709     227.940819175903
184     228.566293454056     190.410646352073     182.672275769353     228.469569289710
185     231.441816980416     190.408953794479     161.662532357597     227.358700335882
186     231.825011223624     211.550311181021     201.225173735143     228.698552951372
187     232.131680197044     209.172629051030     158.157467906977     228.464033088591
188     232.088987285995     210.572758874550     191.265235990683     228.628126472254
189     232.047148934370     204.981927612357     177.634049537935     230.265790902866
190      87.867180794507      59.924099411357      43.010062870026      88.176687621325
191     231.989927213682     190.170353248433     168.086195314935     229.711392206040
192     233.243708981954     199.089816213222     183.978725361209     229.620339592130
