8     569.083048919221     359.207446073960     243.847007649612     432.806123128120
9     202.564987770491     255.134980279817     152.878202490272     175.677840379394
10     496.622524138452     247.480126278955     216.876104129861     401.363271852443
11     588.611960553689     250.579775454000     239.496705319347     485.426450289122
12     572.803804994055     234.993513884623     406.826686684807     438.318258408034
13     585.418977839709     345.835417828408     267.715342871239     448.617546760358
14     627.090497519627     250.072600161334     308.639833119992     492.688538237411
15     621.909750393738     362.029088181364     323.836949228361     480.524928092041
16     603.858544713940     353.725766654917     277.309752572060     449.326995935800
17     616.536980078552     350.890768070667     355.981421272642     463.625805074192
18     616.856764427625     345.055884843353     272.014017521903     460.025822838395
19     645.624975203332     347.082809000746     288.912161562362     464.030725360897
20     642.038216560510     376.184187862433     347.162613257034     457.286432160804
21     610.644061428638     466.857348030592     332.101655087862     460.312387156158
22      54.512478267245     100.309566209518      48.941038410038      52.595256188459
23     671.724979533361     355.392338927991     293.334666517708     476.955240690282
24     659.477001960489     305.825022728862     303.553519366931     445.224190592548
25     669.767412367473     346.193429125806     348.165313010917     467.086178229031
26     663.803058103975     360.181863436489     295.612865151962     459.264264052472
27     693.549585459184     288.725806451613     298.684603236364     476.984867867978
28     678.413229974160     338.594170750580     306.648041299726     462.815399802566
29     643.055534093104     371.665243238717     299.716272788656     474.298119390226
30     635.839252514659     146.301333801334     277.724565860159     455.766273705792
31     690.561254457730     398.801320491853     303.066240103112     486.446562488455
32     684.684191424276     397.468817722129     355.895539684679     463.888151192609
33     667.946691176471     352.418449269896     318.165782944982     474.708520830309
34     669.088491563838     368.723861333926     304.395939784158     461.099996529104
35     688.046497273943     254.141652101223     301.779953527196     440.308087291399
36     673.545807884509     382.349522908966     353.454545454546     400.036455210457
37     626.595299267295     367.491140441443     305.329562052257     372.986490696423
38      55.020801195135     103.371778542174      49.951476241196      52.688314667019
39     658.636404742765     369.698223350254     295.172562087677     361.761107125117
40     611.399439672989     353.497264857401     293.093198881525     317.754332362629
41     629.223980523433     336.258882105685     298.015278178149     299.136284722222
42     613.132775554747     318.259441087613     332.257743390089     297.897136797455
43     637.111569464201     324.142595228331     287.440272964532     267.945899056773
44     613.910376051003     317.820338658758     276.260945490832     236.968222832483
45     586.236953392118     350.641094637139     297.108347203539     257.450854489776
46     499.463470647337     220.580140090647     252.605132300098     284.334933507650
47     611.914131568210     344.223157357817     288.347931977439     291.751113224677
48     583.741118193999     415.627186262322     283.709126788357     221.517980955903
49     581.805359482649     246.590584188746     290.884237442150     244.984302418709
50     604.139127561137     401.410770159741     392.712333181171     275.076645287490
51     611.972851883068     404.684775594016     289.466921253069     239.967020351365
52     589.670228638252     248.698651337608     277.939520650790     218.175785154793
53     580.628594694210     235.552586281839     294.300017378459     230.444072121109
54      54.908815008967     107.261093478651      50.017012988373      52.140207626055
55     591.873534010946     350.222646310433     288.900602984391     262.575875823795
56     582.251466462637     312.256040849822     279.997710641429     210.768383314613
57     571.696441999446     322.542235123367     295.762776412776     225.320220249887
58     590.056451612903     241.974369574204     274.701467482536     249.593859677896
59     602.882852368694     335.375832181887     285.468202035754     219.346297300406
60     581.342387478777     316.237583620515     279.302936261638     202.098717450447
61     575.711749326882     258.502382871360     278.115798601293     201.273703309596
62     247.437506988036     172.186999822159     174.735156109006     110.404663825420
63     589.012185730464     412.933307926829     291.169025438911     209.930154834751
64     579.693302147565     282.126125380301     337.714002576553     182.395204453008
65     574.876212712854     310.081643288314     292.645190376655     196.741751050493
66     589.386635127144     212.086878803785     291.152199739030     220.830630151555
67     604.315146831530     385.726730133675     327.203565002720     193.481325696188
68     581.784230002847     332.833872773537     278.083303569910     180.361197520242
69     575.865291262136     337.131793960923     282.424865669174     183.637036001849
70      54.299469061034     104.560909837027      49.689094920769      51.773785287993
71     190.264012322120     399.214328614329     255.641350133695     129.953161657915
72     582.686414218237     363.235733000624     280.399738028278     171.218706626832
73     577.176557863502     334.413308940222     520.772423025435     173.150991200740
74     589.757659439489     315.097916458977     273.634074971864     203.273943353999
75     111.271260947486     251.850250271702     115.383603913181      94.165293087463
76     583.525818875899     258.818449816318     280.105759162304     166.120669914029
77     576.020284697509     340.162527224791     293.372664359862     164.346317509254
78     546.525159461375     216.857986501687     261.501794444287     197.985943366959
79     592.120496397118     328.496130520202     292.382285410173     182.046892751647
80     580.195258019526     359.783783783784     283.402878310483     162.367204556820
81     573.077267637178     322.739962161026     331.147629775200     166.373264620534
82     586.585703179344     332.496068653601     273.626538909355     197.204280958539
83     600.737948034105     367.526872682324     290.032034023957     167.179780714085
84     580.622583926755     317.908652060899     280.943338437979     165.008448351554
85     573.412698412699     340.076035099676     291.948548233745     159.160004784594
86      54.318584477735     106.208815274843      49.764997246555      51.351063664620
87     589.406430735335     330.274079361099     292.813155239349     171.796606427919
88     333.031445595173     370.822544526067     335.706853104454     122.041795814908
89     438.287757054041     385.902141187864     321.841477761584     145.297973031891
90     591.167113717173     267.443665250949     295.118723238614     191.305752091807
91     192.844870520379     221.023464115696     165.956683042521     123.875990263333
92     591.172599059772     321.184865550884     282.977217454505     166.320715036803
93     584.463752724834     341.999705641864     295.974780282767     162.012968299712
94     571.588470395172     140.011177458360     268.700419315905     190.061642991674
95     600.079412081404     333.050708181438     297.389871661464     180.674090824357
96     594.657498125792     399.554227749600     287.147960903269     166.645918456055
97     588.441650548034     288.581723986963     301.089910165965     165.461517006708
98     600.205832577077     289.378364315784     294.557964298181     191.260312944523
99     615.521739130435     255.971407408911     290.197899531823     167.521773775848
100     593.092750581687     376.789751318764     306.073198582646     167.240214839353
101     575.018803932512     366.113956921058     297.120898866435     162.776639443877
102      55.024126419406     106.806828475206      50.335139395133      51.559425792973
103     209.300747005348     369.837307992710     293.804570837642     137.695083651591
104     583.389132689699     216.464095921842     300.561774196864     164.464898666127
105     577.590673575130     311.408455075943     303.483201581028     166.242750621375
106     590.218732131285     307.267473705100     279.072258971540     197.215707753251
107     603.789771003943     344.448123715800     296.791945433199     167.092214877767
108     582.536141149687     277.794371596750     284.305064148192     165.558873780519
109     573.509691704991     370.880466151168     294.726672735548     161.709141380668
110     547.753964987812     229.876047880326     260.665863211811     199.056658038539
111     593.530395593390     329.684078771696     298.604373456946     175.697713257965
112     586.439249935782     341.985245103546     288.386029179562     166.132093835560
113     579.423006826677     326.191826797669     297.939276978303     166.927658627748
114     592.727026527974     313.917136617009     296.409123087814     200.015286677121
115     605.777774373430     516.035261262202     539.641219498881     161.688038207080
116     584.554720133668     354.587914584280     278.716114499203     165.586630108369
117     579.100211381209     247.206518254675     304.547062179121     163.113657195234
118      55.087665544766     106.909334801542      50.430574607889      51.474177860679
119     595.381627938579     399.734818626378     294.917570878544     175.040885628905
120     581.607290803645     335.283582089552     287.771258743050     161.775614112157
121     188.813132306885     268.240131847141     180.648168048507     123.038214552837
122     587.945803237858     269.247713119055     277.499194752371     186.358443198863
123     591.184530791789     389.534660161345     286.738547062240     164.479194713009
124     581.342339806736     271.774563875396     322.702218518904     158.862929586853
125     184.192915385062     202.509371510608     207.326259318837     118.812118631378
126     245.259718947468     173.802744230499     176.346170277693     107.161086409171
127     585.767245930488     194.146785847083     170.345880004862     169.519553108190
128     580.162070139598     229.716433127459     305.659304437518     156.228552436292
129     237.193123964132     294.023610847715     277.750256282657     130.161224423166
130     589.628192159211     309.604336043360     277.768592630054     186.940784521636
131     116.320525220202     154.072188101326     108.334104363363      93.752191012678
132     573.459099714225     369.925321060055     279.958651685393     163.894404490440
133     575.411668422637     372.615509259259     291.151314662148     155.234397523094
134      54.494688922610     106.286789990893      50.183703755994      50.852962311452
135     590.639022768821     328.633113113525     295.308604930293     177.202505277038
136     583.893009552719     363.788274557793     282.691701894067     161.098631932094
137     583.124099433057     354.072058807952     375.552910379849     165.235260969931
138     594.741683349291     345.540141998908     284.461266902018     187.768950052761
139     607.183426086957     327.425437732699     298.792840209847     162.084712163417
140     572.400513478819     347.446648939797     290.725346373268     163.700610343720
141     580.155267933900     397.928269581454     295.741612699031     161.101806334106
142     551.521595471989     230.478532773588     268.337783673116     195.465780256366
143     596.936246722045     369.200126256495     293.917417928219     171.243517784425
144     590.276938049329     318.622605269638     351.425808904742     164.430610740700
145     585.114196710662     332.668465761243     300.886173491854     161.817934982321
146     596.757448817039     287.718097513796     282.321275051639     189.227417506606
147     607.330043827396     324.741660244413     296.338708288482     159.172656629432
148     588.470236682259     433.372368759319     348.825030004552     163.184821203849
149     559.793504295756     326.619199161489     300.893072299694     158.926101401767
150      55.150455470485     108.225108225108      50.432541662165      51.358678475358
151     596.110529540248     332.494116510913     294.806208545477     175.621477926837
152     578.734917918489     319.948868175766     439.906571593756     154.944624699638
153     571.294490797546     282.118172068420     300.996205264791     161.862303801429
154     587.325977238991     313.803639055405     279.152842125068     185.682677491768
155     598.901115894695     372.533647815682     306.703423064983     159.552738346742
156     577.165337387440     417.523861088786     282.114587203686     160.939574379276
157     572.020250372375     335.748858782702     293.844966356712     157.181984340730
158     558.167484896315     139.945185739122     266.182448672359     173.169660557306
159     583.036663059123     329.908311499732     296.651908578955     172.679747006943
160     576.345668856682     441.859114257026     338.445697287883     157.811129288475
161     572.726392686351     312.470283657307     300.287559016765     162.276161077760
162     583.520175679385     264.435192406141     279.637861248280     184.199724049671
163     595.801966262408     245.209936497705     294.670318224642     162.690536737041
164     575.027045456825     325.442241115109     283.357820197957     158.077431164334
165     574.214601769911     341.630444956651     295.556975478908     157.849336951762
166      55.192256395073     107.861444504704      50.467108373101      50.980806490883
167     585.459194724323     392.609238929560     293.636759991658     174.802940760394
168     581.586745669321     305.687217329207     273.128222397490     159.935487386258
169     564.757549029314     231.586216696008     291.833206985559     157.368971873550
170     577.796071974597     300.957972660318     284.952640995097     190.966117708969
171     593.128603104213     248.582158672857     293.159052369527     157.603803182978
172     578.627245849443     320.059144571318     281.373668628986     157.485332279460
173     559.641493589637     359.684728300657     288.921458035550     155.740989000310
174     536.307417616840     215.394016021437     260.183925688126     191.109588085425
175     569.424012095950     352.792209107435     291.601967956874     167.793872208428
176     570.788438151844     308.795015576324     283.605794317727     155.827359515235
177     228.314527776018     282.970026103511     230.561431957091     130.974841750303
178     565.584941757309     270.116996897865     278.161805323702     185.864773121940
179     579.214659157118     324.852111816938     285.255097980702     154.662217188469
180     562.116314244195     310.423610144370     282.739382728941     156.341957821325
181     552.651776176650     245.670957358659     293.639872619714     157.688779653597
182      55.109344092955     107.874973503170      50.566881052175      50.626560613529
183     565.081892913631     341.674662057845     335.324131283882     169.795659966795
184     568.533041286690     418.521811482230     621.053797249937     157.073936723199
185     560.378016815876     332.176958186874     297.732492946538     162.273823230212
186     570.746192893401     267.876880511845     278.793577156112     189.078236812484
187     578.765388307541     315.900004830864     289.896839118677     152.122383791677
188     565.585459116861     310.387121810995     281.835917949186     156.685536005804
189     548.037097166978     235.174081854672     290.330093715163     149.921332998529
190     240.792749779912     171.700852660037     174.694416526095     105.836453024221
191     552.604170352430     320.579573043411     286.950768519222     166.111002508656
192     562.124933562225     289.225747640931     286.249289140809     151.169090792593
