8     172.319629016232     121.108334109319     116.489538549726     170.496630922106
9      94.174886106020      96.167655281570      78.137809187278      92.816920913435
10     168.947341088494      98.955917355499     103.566283854228     164.212253139002
11     176.834769372943      97.696141515314     112.059113300491     174.770735114370
12     180.002989288382      93.737611346536     133.773421510044     177.337696335077
13     180.770840851678     116.378629064687     118.545970891018     175.788467768059
14     191.714348818376     115.638172210133     138.219532908705     187.663481356568
15     182.076836016097     117.335017153353     127.124286620165     176.366989240034
16     185.601730000427     119.854107141216     123.330339670445     181.067884356480
17     187.744434357844     121.208205032792     132.306464387985     182.026516156974
18     189.862877276764     120.031590283595     121.064596988321     181.678699304791
19     188.497364763118     119.267285370077     122.203905003286     180.212655213943
20     191.025977433744     122.145373874462     131.030827842051     181.187174204610
21     191.257413509061     132.633337753614     130.512556963042     182.862583503270
22      28.388347820016      47.601622833813      29.226333640305      28.213350101367
23     190.269181715412     111.921712220157     122.821953820822     180.060252365931
24     193.048192239210     108.312976279919     126.858800549249     181.673073727358
25     191.713615705179     118.704316397997     127.687327131003     181.856216082202
26     193.625262031132     121.923010672159     124.595241511925     180.482753842103
27     190.247383153045     102.212110531510     121.815295721007     181.245107706837
28     192.818789383235     119.240410206102     124.989726451293     182.729621380846
29     193.086361395470     119.516366149400     123.177907073548     182.729248713551
30     193.759260873355      82.032547326470     135.746053716275     181.252378105126
31     189.973338334800     119.087482251223     122.561333618772     179.261071404261
32     193.161764060557     122.059580918578     130.441478905934     180.659735142826
33     192.748474935903     119.728600717581     122.199295636496     181.876006284499
34     192.217846136038     122.600564794478     124.960042140116     178.570495328987
35     189.218626230621      89.706276824034     122.368890474492     176.554436628083
36     191.856448598131     121.389469087733     129.719690856948     171.991492981710
37     191.758470565966     118.718325475738     123.226011695906     172.176493659302
38      28.140889403811      46.614127948768      29.624041284073      28.129033329252
39     174.693162586784     111.623403494431     116.449177007737     161.038486106675
40     188.381801457582     121.719730080647     125.761683876392     153.659690879919
41     188.885695412638     117.907732664234     120.504223154723     151.442294690345
42     167.868235294118     119.024221453287     124.121064840384     150.407317345231
43     185.131828765896     117.537771829458     118.578149406522     139.487412928609
44     184.089768099077     117.198807612933     122.472019464720     133.744341227267
45     186.309728060393     117.615667196187     121.202784779515     138.224889416906
46     164.864889194215     116.148867637978     134.116839944885     146.442302836462
47     161.586414136577     114.693275775627     118.860708215547     146.262855037441
48     183.945035120715     121.534807050171     122.602311004989     128.652885906040
49     184.870905354769      92.152646765436     117.497358110473     135.457625617509
50     164.455189474868     125.661602969480     124.354842823982     144.900971951135
51     184.454273184298     122.576180829513     119.120513241173     135.008455335473
52     185.609341879799     102.852303818480     122.615373005425     129.951940850277
53     185.667785878741      87.284697256691     121.433115823817     134.749077490775
54      28.124366284262      46.987840868847      28.743644161294      27.857651937407
55     179.888372700917     115.011584624734     119.366785717101     140.694405724375
56     184.247276248890     116.149132996990     122.460355632638     125.599875299145
57     187.092710599938     116.653239548086     119.074560427331     125.162932154926
58     164.635446077954     100.083098230315     114.587698493370     138.854546449882
59     186.338111722174     116.389431376310     120.507997977938     129.006909547739
60     187.602720506688     117.840596253273     125.796306749456     123.456790123457
61     188.500747422351      92.381359381359     123.275749701289     123.065979897402
62     156.940876119463     103.104313506246      98.390071642701      71.954592114003
63     180.494239151559     124.098725841088     120.367366209048     124.086882664503
64     185.434669641278     104.555194207523     128.816473100802     115.808643496139
65     186.395436865325     115.783456842174     119.423142859532     120.562436153957
66     164.225678882151      84.903407542026     113.247420649951     124.649118272398
67     184.641346823607     120.669994676214     126.847609392108     118.794679954122
68     185.807061604373     121.384291017075     123.018139958318     111.193607399096
69     186.489825327511     115.534493020236     121.869644003710     116.951938876109
70      28.155051681789      48.688429718978      28.336118860455      27.790242564755
71      83.628574509769     113.945315178528      96.086135567319      74.943914997342
72     185.842508426106     119.727196460002     123.439038040805     106.815224649432
73     186.322264113869     111.925865541383     141.994281542767     111.211263579188
74     164.315869368573     116.923536766719     113.809752198241     114.407077083454
75      50.649779430552      88.973323887909      58.729488740001      52.720856831582
76     185.744428772920     106.470708226573     123.577556898157     101.956728106482
77     186.544994499450     115.500749255610     121.990702422714     109.775987718260
78     186.893756248296     118.849033219242     135.969790250891     111.591295801653
79     183.348789976543     114.854739093038     121.724152993011     115.058167783629
80     186.620310660012     120.727338684079     122.384437171331     102.108597770977
81     188.115585688613     118.063690893245     128.335200200619     108.324704443539
82     166.369584643773     124.318749837399     114.611192836585     111.912690482138
83     186.584108337412     120.806614659516     121.204523219410     107.434486945085
84     187.749655819394     118.438760452533     125.405292796458     102.294131313601
85     187.569748728371     117.062808378361     123.495676520179     106.110195510307
86      28.464318601557      47.468500637221      29.540930485964      27.988457639367
87     183.156229273198     114.403648391300     121.755082883536     110.647739683976
88     139.016994366595     118.799763986483     113.646417415511      88.133944826351
89     170.195403686336     128.851978910369     128.707211572221     100.132171537831
90     166.120352679276     115.395855149405     115.327747658945     107.294485264981
91     108.538603440157      89.209235616588      87.940349286570      81.593002094707
92     188.020765423156     118.520377937268     125.784451747982     100.939742937769
93     186.579134251659     115.627958665760     122.164156784859     104.587850509354
94     186.440217907433      79.415372508063     134.321797327893     105.687779572261
95     181.366446993735     112.974872792880     120.465341237632     111.004187850751
96     185.537590437244     124.257989239645     123.925288625748     100.335581125524
97     186.780258963359     115.592946391602     119.892574384988     104.443213028169
98     164.696881183454     120.527165534667     113.633054873207     107.536438741431
99     185.144385733157      91.589817130949     120.214117232211     104.725622057835
100     186.229076088903     120.402700725195     125.245674207099     100.336126022174
101     185.740219938706     117.513142887224     120.166811709925     104.568054774842
102      28.165764264890      46.882383726067      29.343009616019      27.824129015082
103     119.549345676415     113.497423318765     120.681768753717      86.653476399039
104     185.073747358030      78.281988415542     124.444565476393      99.104945341674
105     185.773318684574     116.815637904803     121.102174332893     104.701218918280
106     165.219425266505     113.120154302497     114.984278340945     110.034737620103
107     186.189807561905     117.957492352475     121.726188747315     105.613458362900
108     187.347770875519      93.634786586237     126.044887780549     100.994486586494
109     187.907415675157     120.323167855458     123.537012577232     105.419426546190
110     186.432642682441     123.653800801824     135.867516803819     111.111824615029
111     182.436872781004     114.612106365834     121.537283130306     110.169121519882
112     187.210447011552     121.067918174707     118.240792412521     101.237550441222
113     186.873963895752     118.203169701935     122.014538192841     105.377749938204
114     166.446916076845     117.646061376075     115.404405244110     109.819716157579
115     186.459079935116     129.142798356597     145.405555473841     103.606182401274
116     187.607692307692     121.146336949318     125.431296553856     100.876685905753
117     188.218954809665      88.370105810000     123.881247322576     105.710588844549
118      28.464230172109      47.616259524627      29.139920463305      28.116518247935
119     182.936961386866     120.906600805784     121.264659156957     109.447776778577
120     185.074725238511     118.076215505913     123.607870757582      99.171364621640
121      86.540682621815      90.619070290859      80.599053681857      69.872613803231
122     164.890292116623     109.455892649316     117.071306003829     106.857621395041
123     184.592917315264     120.847592167050     120.077388516062     100.417884984185
124     187.790647634633      94.374388888043     126.707999345657      98.177206164864
125      83.240036193280      79.271633692269      90.333664204699      70.517565079250
126     156.770224078997      99.336055648294     111.329919857524      71.736434707288
127     181.033753926061      75.177870377428      80.817305824653     107.627927749508
128     185.677150446094      79.886822750315     125.836476594016      95.899144529491
129      93.708196919481     113.890141776243     109.097209136861      79.032803180915
130     164.535158365306     111.062719463682     114.191471922915     105.461581351382
131      79.374198454623      66.581877540234      58.275074575676      60.277373181120
132     185.853689464622     120.799078843706     123.499946303624      99.146085001542
133     186.223808711960     119.119468905913     121.860406091371     101.912613336088
134      28.183862062006      48.293261036042      28.740132549150      27.446647280462
135     181.165074114562     113.776994795798     120.357461363919     109.691261703076
136     185.732133019055     121.862422347518     121.436579967618      99.310398445092
137     187.480518679297     120.526232481332     133.709286325709     105.049162657247
138     166.375791339580     124.814817791579     115.473185768026     106.714735500637
139     186.891675454609     115.851244852519     121.209023052354     103.418486922006
140     188.014546987825     119.497782363424     125.682193730688      99.518754620653
141     188.612768490244     123.394574845595     123.673473335551     104.662987566883
142     186.248750343999     123.765162774769     136.063457482390     109.375716972261
143     182.857003362307     117.721334320159     121.758444528432     107.735817668081
144     187.870448165715     118.376881954885     129.799778638998     100.084548150058
145     187.583717110712     117.731305995865     119.954493587939     102.733250038235
146     164.694784920192     111.014435965613     114.495123925311     105.849980900952
147     184.937968561064     114.070879257479     120.528638642904     101.793062902725
148     185.864533258064     126.068072631547     133.433688896488      98.773504333601
149     186.256776188702     106.297612691444     122.504763071383     102.576466014045
150      28.191992124876      46.985536486478      28.878772999351      28.028839519801
151     183.968215410162     115.513799706818     121.919853015284     110.477377966905
152     185.834906601212     107.485512347525     137.551156666727      95.075813236703
153     186.462775926697     114.458603846220     119.800902613927     103.342391231972
154     162.942303732480     119.305546970211     110.582128242333     106.116600026373
155     184.261835524463     119.416501599690     128.641173359977     102.014727853956
156     185.516810007819     126.668021805414     125.727072633896      99.169341810203
157     187.997881181755     117.077902825679     123.593496114718     104.145457820027
158     188.085495981601      80.079423408791     136.568625153145     100.723971909836
159     182.827748233154     114.019513163694     121.321190184875     109.880410875371
160     186.060163459556     130.035874154735     132.862910268630      97.247384723277
161     185.964889489127     116.853054507938     120.649927724776     103.244581589679
162     165.720268775130     114.362879046525     114.401937406855     105.129151109023
163     183.187978511907      88.829388320532     120.138599684608     103.547125219096
164     185.197307737026     116.998541146801     124.986969959851      96.707573215054
165     185.759034649922     115.749338973040     121.883394173152     102.526800261243
166      28.074679044875      47.211978881347      29.418979361741      27.984968852960
167     181.762292449064     121.076845087997     121.404590943634     110.049072852256
168     185.891398621222     117.903892243630     124.682869995793      99.262815826342
169     187.569924133272      88.771789568396     120.996450044158     101.694929071175
170     163.410515543047     114.407880241537     113.195542290814     106.338627316152
171     183.820889655562      89.635465188433     119.887684734515     102.500663072462
172     184.439622699378     117.046810001469     123.819034676909      96.982784960078
173     184.952507741810     117.190235180233     121.454051215798     102.583583656811
174     183.533198979482     117.627387867691     135.130044612996     108.407738128216
175     181.318184420641     118.347284812309     120.890115629403     107.548366133133
176     186.509107942673     117.957851919166     124.201910877139      97.512940849496
177      98.589874601848     115.510693323463      91.095576518459      79.984232390006
178     164.458557178330     114.755595207350     115.325457971680     105.492522967791
179     182.357475835486     117.993722038383     118.803300578247     101.151128259186
180     183.893102553343     116.860596849746     123.147092360319      96.248741603816
181     183.640167234438      88.699428243988     121.257256247955     102.809318993548
182      28.363632941912      47.609214045715      29.068641880063      27.954656970278
183     181.532667541629     115.505595481281     125.256393284889     106.054027826587
184     183.044287632282     128.860312509945     144.640347493106      96.503770965532
185     184.191490742440     117.331705926375     119.198890427146     103.156726902220
186     162.148003706101     108.652137827844     115.034079892410     105.917922693570
187     182.468364646363     114.379412694675     120.742895086321     101.428111730084
188     185.294813162298     117.708179408739     124.247532115225      97.753804647963
189     186.431796843469      88.412794528000     122.112117506125     101.828268014995
190     156.043771426771      99.316224274874     111.740755732279      71.283587435056
191     179.315189139218     113.071441143318     119.132716861227     105.740794611537
192     182.892616916056     103.906397615899     123.651334647622      94.048602188785
