8     475.846041270296     384.207970222443     263.217178361096 
9     903.135653261085     667.956642350761     454.726306218079 
10     954.172166006751     540.721349621867     404.532454613289 
11     952.063803321875     515.015080150409     403.055973732304 
12     918.678909450481     513.265301290401     400.414247452510 
13     906.193709991643     512.991019379231     408.474971772673 
14     780.264876850246     421.204710144930     362.590993901250 
15     857.745853080568     519.179050958208     406.579563182527 
16     822.349974785674     523.001924310454     406.726734216680 
17     814.737118559282     527.992705758400     406.605792035951 
18     798.063157894735     521.843691224140     410.784438494251 
19     794.724497893903     534.855464256369     414.294688603889 
20     797.613975287602     531.214528944382     407.640141852797 
21     791.577012054061     530.582061535951     405.527991766210 
22     804.094425905328     538.770899755703     401.712080516193 
23     796.468664684828     548.470630013369     414.740411954255 
24     696.262392527333     557.732165632174     417.721963955932 
25     694.280117789346     533.524265567544     385.943437591347 
26     693.715564077981     548.902768997345     412.576931605791 
27     695.360419885970     525.270850104653     352.317197624190 
28     694.712955122777     499.592632059674     361.116197183099 
29     692.156245127086     529.858109183511     322.274782187803 
30     617.100027759785     403.362869325914     326.359832635983 
31     677.033369324901     504.874122924734     307.095060403937 
32     685.501661129568     467.451469026549     278.157008952080 
33     684.657594472941     476.836948201072     279.976627712855 
34     686.798945354909     387.751437494527     232.332144106331 
35     685.507840524751     386.439796625838     211.133558508791 
36     686.470624549851     463.916003198554     210.866245259166 
37     686.176210076590     388.088404302343     196.878298177687 
38     673.426612342244     369.422808547754     196.836644591612 
39     681.508577666875     393.017717951793     176.909153475568 
40     673.139158576052     350.260485186549     156.871987650102 
41     673.326402805611     315.217070081621     156.065668002090 
42     659.784508489504     282.145508568559     155.429967839729 
43     660.441533546326     275.765684966650     136.515585312824 
44     658.149868753405     264.499193885472     132.607238726288 
45     651.120521660921     242.764591910874     130.043461338869 
46     601.358679685475     250.631086142322     131.231301560364 
47     630.494230859065     232.811087728982     125.793280208770 
48     642.660587367574     208.758076928662     115.214771124503 
49     638.240506329114     200.497174236024     111.642264487611 
50     633.747887507042     201.535111895050     114.067106556226 
51     619.530447278606     182.253834467270     107.799149840595 
52     619.969983465468     166.878531976081     103.473097280009 
53     598.137174392936     165.418888888889     103.051008998456 
54     566.596441281139     190.285031339637     109.441869701367 
55     602.807971014493     162.096368386116      98.414109372664 
56     576.347372407119     150.633940353655      97.645119899632 
57     559.148950994813     143.194722285556      95.244416897991 
58     571.102371660162     150.139457795667      92.741186722649 
59     539.597210994341     134.974318790759      90.072431010053 
60     512.277885211807     134.717611161220      88.899582729167 
61     522.090838316996     129.308965178751      87.225030447069 
62     273.843379883330      64.976553390321      45.317988743140 
63     496.560779071988     123.629106329571      83.549840963855 
64     468.082137215851     119.236619053034      81.543644716692 
65     475.636157740474     113.798819019994      81.082078535577 
66     485.840304182509     115.982466620635      79.405285969236 
67     458.614626708111     111.633827749147      78.388472044708 
68     485.537164068300     114.390904956799      78.328202622363 
69     356.389635316699     111.830654717092      76.585480450659 
70     434.036340038936     119.148140230868      68.496026544322 
71     423.332089891730     104.803989878892      72.709003114940 
72     362.611398963731     100.889723668069      69.241320261997 
73     403.147848962347     101.671757515648      70.637497555661 
74     370.110913348946     102.202234983703      69.070159566796 
75     419.904678049154      99.189902034665      67.564307361263 
76     426.657628470319      96.800637796211      65.706394835619 
77     317.421147400698      96.921590828675      65.758800261487 
78     410.384673377977      92.508037428023      54.176408599129 
79     316.763932589823      94.976765207083      63.565989084189 
80     363.160192055871      89.699877363449      59.996124048476 
81     376.210683946853      88.890314196753      58.960559161258 
82     376.666964449933      89.223120538243      58.029574277746 
83     378.108296454549      89.433624698458      58.113205039501 
84     327.669657665320      86.289211541584      56.591863565254 
85     309.149257488044      86.226961231686      55.717331528111 
86     358.621156264909      89.221891320299      56.541403974234 
87     357.994312598014      85.629794491430      54.562564534017 
88     334.080096538200      82.544173825541      51.945422669411 
89     298.511351421778      81.452586111123      52.483389550965 
90     317.014835504859      82.076108984463      51.356111306798 
91     336.554314964958      80.786246479773      50.242317939723 
92     334.703632065334      79.339323852481      49.811754517183 
93     331.551627376064      79.100423996460      49.408378497144 
94     195.246001537001      57.185335045745      41.671685107927 
95     313.663481968228      77.845466704382      48.093352894220 
96     317.982001907632      76.638545265550      47.737520934200 
97     307.795550943641      76.958370899845      47.138922714767 
98     296.503077594145      77.007533655995      47.063944364095 
99     304.933689503457      75.921640028048      46.636917218176 
100     289.561314608368      75.082446301612      46.219675004578 
101     249.198351566570      67.279386575179      41.681437107114 
102     251.036375216086      68.413764375084      41.930574171841 
103     232.028012348300      66.804854190866      39.536352528938 
104     226.685144708490      65.973832855106      40.960631024042 
105     233.892713934910      66.026653504442      40.777237662475 
106     229.680294309618      66.102582931307      40.677096551307 
107     219.793242888886      65.228317721410      40.467652424925 
108     201.410144143258      62.644908076844      39.110839379624 
109     165.441990959119      60.732587796035      37.568484239888 
110     194.382969162501      62.380803022601      39.344225019043 
111     197.235506201327      64.053734773946      39.801393782824 
112     208.725003714158      63.641845133144      39.706990223297 
113     205.212579042951      63.528654115145      39.708165745108 
114     202.786695726334      63.599227301996      39.665934174567 
115     188.834740501614      62.931489975268      39.500563398291 
116     195.044484601484      62.177563965068      39.226756313178 
117     196.470573248408      62.422893924994      38.908680978614 
118     197.752228939645      63.218601457382      38.930433641480 
119     182.683725545790      62.038590280924      39.168653372692 
120     173.900926635547      62.181156872895      39.124301165160 
121     167.873961279412      61.846047462142      39.080297705610 
122     174.125530172827      62.003960936966      38.576473049117 
123     170.496740363811      61.329274506970      38.976876116760 
124     172.497125756838      62.085104251205      38.900068113263 
125     173.407172419445      61.201695479044      38.842056390730 
126     115.345051962050      49.282576766875      37.612636627533 
127     159.330934003470      60.618498570414      38.685680955107 
128     162.626167666814      60.400103683650      38.320675022454 
129     154.341540707803      60.335583282346      38.564909705985 
130     159.731776338602      60.364796888870      38.353026170727 
131     155.301929504791      59.780114875286      37.895675705815 
132     154.985973315087      60.051021986210      38.003919923737 
133     152.239372610704      59.764806231241      38.123700198694 
134     166.636577699643      60.448915936002      37.931745696816 
135     149.425025577777      59.833350792980      38.226132028568 
136     146.836495242543      59.524956995804      38.341319513654 
137     146.636028653773      59.391665023195      37.893788847336 
138     152.057716615335      59.617491087461      37.486667054353 
139     144.169300524019      59.268078496613      37.652166832749 
140     145.405927598674      59.520790228926      38.036095478362 
141     125.318948530398      56.822785639107      36.120652041396 
142     137.618379313660      58.063281503482      37.585898955710 
143     140.587394923798      58.941160692136      37.903633354272 
144     139.557044760022      58.910878948103      38.130939388790 
145     137.134906107591      58.683222354991      37.912272662919 
146     140.980113250283      58.541204660982      37.445502034349 
147     136.721447112265      58.898080650613      37.831027915120 
148     130.492376670506      58.096310469752      37.083510567622 
149     136.288354271516      58.494253045546      37.893844666679 
150     145.531559202736      58.716389467317      37.608002468628 
151     133.186819497883      58.015555633327      37.224218416682 
152     133.815709022268      58.106625428766      37.482628360965 
153     131.568093385214      58.403944983474      37.732371287077 
154     133.553389646957      58.276564145492      37.669084086050 
155     119.411199554031      56.328205539925      36.829069101327 
156     131.181959539739      57.241783732626      36.822108153277 
157     130.097256271011      57.989491059274      37.546568062220 
158     116.643856276800      46.769189794630      35.709176251014 
159     128.661081715914      56.993155040087      37.572630761543 
160     129.614889354627      57.178262209494      37.037011275672 
161     128.382210053788      57.961554938991      37.716286590830 
162     130.265277984006      57.249553562180      36.813051581027 
163     126.052783474686      57.319248472582      37.737451227613 
164     125.973259752984      57.683991968421      37.361323896292 
165     125.406675600108      57.988631184257      37.589286231527 
166     133.481140291807      57.701173025365      37.581002289018 
167     116.464571291176      55.360007716952      36.110199680449 
168     125.773758610558      56.696384159174      36.642888096944 
169     125.033410115293      57.601161964526      37.566201593084 
170     126.909030214638      57.343226174850      37.569911600208 
171     123.461296516829      57.355378339817      37.547621660713 
172     123.194812208890      56.731391796696      37.522979837372 
173     122.301682707595      57.182985530590      36.526925658754 
174     120.588168383167      55.587419268172      36.242871219955 
175     121.571249094827      57.132305247388      37.212713512012 
176     123.120291987541      56.795704646355      36.614259979366 
177     121.464196653030      56.238237742358      36.689623459200 
178     123.380519089313      56.781186106740      37.238508098411 
179     104.566411980354      54.080912390546      35.112242336678 
180     121.190420624239      56.495667964998      37.096005534848 
181     119.278007727337      56.021081677784      36.780290075520 
182     124.664775863468      55.905485232068      36.310230390065 
183     118.575214653436      56.653289283279      37.139696329353 
184     120.295350902993      56.277698594648      37.079328334086 
185     119.577257823407      56.144942829254      35.721454148401 
186     120.131382773244      56.687236395572      37.093375144776 
187     118.763213004913      56.763877027326      37.081178070671 
188     119.573007018175      56.368691693683      37.022272320108 
189     118.388195779293      56.104310110621      36.938030687103 
190     113.329105220279      45.212702575390      35.260207495330 
191     118.583427808397      55.512718325223      36.518327230976 
192     118.959176707866      55.478137659877      36.896239863438 
