8     243.518274415811     259.204081632654     232.878957169451     213.406143344716
9     243.943715877755     258.169406719086     238.695206799698     209.257821552726
10     245.616353032221     257.153584696861     239.376770538241     209.782205671355
11     245.729264239311     256.467054301764     241.089770432272     209.902500403290
12     246.936816524908     258.833774452251     240.592219899745     209.730650154800
13     247.459927797835     257.377494960672     239.968603172847     207.134932247598
14     117.187910643889     145.012975152306     104.775807126534     116.901722063603
15     249.113441281616     258.037128712872     238.861953293985     207.809061333844
16     249.283626010357     260.493201014357     243.209545115586     208.053074763970
17     249.345045355379     261.390603057416     244.076205462516     205.590153846154
18     250.766355140187     261.277339210580     243.049820140533     207.361648671427
19     248.215032031727     261.476299509922     243.557314175600     205.062329684178
20     247.016908895550     260.268531024072     238.597257879500     205.359661495063
21     252.401125885664     261.702841961195     242.537660884163     204.254673411040
22     248.854514506474     256.482220294883     195.784772795667     203.944389586370
23     254.141607139400     261.971803723584     238.161801788727     204.587776028924
24     254.105834043542     259.211949971350     233.234532783388     204.903959390863
25     247.722710045405     261.210085862383     234.334788704897     200.924108229851
26     249.546196589385     255.624565742213     223.228425003856     201.192838274141
27     252.194975359938     259.388372093023     222.769358142711     204.021528070916
28     255.917652792670     258.523297491039     220.882973532332     203.372621924769
29     251.442484894260     257.565501634398     220.532169650398     202.842297673993
30      88.828802429506      86.693705639186      59.308204346067      88.290196597604
31     254.392728115763     256.299089068826     212.768788275405     201.852132323635
32     249.024194308774     251.859627708270     208.680393799086     200.835003726066
33     256.320648979112     251.680000000000     208.420056402658     200.817758946253
34     254.253626794258     251.438478281442     218.240767512157     198.433888988469
35     253.736722306525     249.380138327026     211.020318021201     200.476575847496
36     255.806146118897     248.581679986587     206.602297711578     197.595379831186
37     252.082152974504     245.814917127072     203.708894044857     197.735537438254
38     242.553133612513     245.075023054807     159.513505243212     192.656488983653
39     256.205030487805     247.662120038539     206.020539979884     196.892538523925
40     256.103426383732     246.523083760810     201.391830559758     195.557644846633
41     254.518502386183     244.329618587063     203.457596584716     194.709014255911
42     252.755792157157     236.636411498368     202.544815465729     192.543530722109
43     251.623277153558     218.244887683337     157.467279971874     193.626096981050
44     251.627577588003     238.597791543226     204.259337821636     191.237393506792
45     255.783197566003     239.908590470580     202.427648237615     189.548271197289
46     115.929271644526     111.889453376206      75.676201142832     113.743732226326
47     253.440803680406     241.366798404836     207.700321622578     187.700641105873
48     250.273478979894     228.086240540669     204.012430645230     181.220662011244
49     255.654191894803     241.948481333052     205.932392806918     183.576498359606
50     256.152027322883     241.967506038847     206.696251907965     181.959564541213
51     251.549039986872     240.267929917447     202.848169386855     180.425623185373
52     254.215392104028     241.838225809119     207.917192742990     177.274933627514
53     255.879707626638     239.018489440906     201.787440980652     180.769991326973
54     250.822244394266     239.823662320708     160.146005632795     175.272451500844
55     254.195278789812     235.259498096496     204.831563282148     175.833284942802
56     250.210937785409     241.005823671200     209.600905849770     173.371066953550
57     253.845075125209     230.075401376147     197.706828353613     171.172238087902
58     255.339351028489     236.044545087942     212.825641886223     170.810869052830
59     250.091515389947     230.015420931114     198.673021400720     168.621998509518
60     254.113047727643     238.208347472005     207.094918504314     165.685221680690
61     255.286366861039     241.560079899144     204.280700053999     169.408255827305
62      48.320830461052      50.344549667540      31.907248239484      50.877621665649
63     255.089931727223     238.677680489014     208.112359550562     163.996266633033
64     252.687650613577     237.871915680732     209.782976038412     156.846024623173
65     253.686136573581     228.916531747431     199.596069716410     155.549141133029
66     253.386305084746     231.231218968957     214.888486416559     149.902657174371
67     254.697109355916     237.493751233809     206.540714719632     148.337579315774
68     254.866709273144     240.469217872165     208.557157070333     147.406388330433
69     254.033281284854     241.533658536585     201.705844845909     146.721304153640
70     250.172990967066     235.096660808436     159.983256592717     143.362376619619
71     254.768822208838     223.504539413639     202.814846565152     142.795328995826
72     255.250346315033     235.400109964746     209.195677167165     142.609009150224
73     248.956580955350     183.912320896065     152.635495684018     137.059488319150
74     254.890745459824     237.218534696267     211.116193326031     136.104172587521
75     255.000232478844     240.300354905139     203.948347030605     135.833670445070
76     250.469101123596     213.307550461002     191.920362315591     137.078948211255
77     251.892748005206     237.251645657330     180.383840737551     133.902796161482
78     112.758648421412     112.362960804313      76.333238471152      97.023013934177
79     255.114910046171     235.001417694291     183.725441672479     134.245507351606
80     252.897146548121     236.342654238793     207.452196543502     131.854199683043
81     254.897173848878     230.176011994003     202.608082348456     128.860614764800
82     255.622545960307     225.909954772523     210.727307471814     130.495362068181
83     255.604380867233     230.056204639359     204.975485329804     128.627091661043
84     255.972360181386     214.714912708476     203.202974801218     129.721823309062
85     254.049259359437     229.827275998561     207.342648261891     128.178935538252
86     251.020112020157     230.281783496254     157.579120889592     127.637312257845
87     253.901382133112     238.511597453436     208.732541695114     127.177956218477
88     235.913347979495     205.476887394178     189.156314721896     126.371334018030
89     135.236870453170     167.463308116800     108.860002138097      99.527016827484
90     253.881082818758     238.526106489813     210.703010360621     125.474152483467
91     255.777940235767     227.437675574025     181.743388525579     124.688775185510
92     254.482798496675     238.993873431469     205.171243843613     127.218212550976
93     254.732481516218     237.497098470309     207.341390387056     125.157286829128
94      85.922938583229      80.174284303498      57.680368809329      76.723134696894
95     252.878550685180     237.908088666901     207.862051602436     124.967064877986
96     252.920681693238     231.215181730460     198.609371357526     125.597933922653
97     253.560912539403     237.822946942212     209.269595738676     122.381344830787
98     248.073800738007     234.708970756083     206.628320526894     122.520362489361
99     254.962495073120     230.399046540513     195.883018867925     123.126578262801
100     255.427841634738     236.380827696560     197.068231085240     124.702034082025
101     254.482311141511     228.346852836879     201.624461839530     122.569576119184
102     242.779529776151     223.235068528617     145.768789425302     121.619846076539
103     248.351387262015     227.837671815105     194.092705187938     122.006415761990
104     251.107272258951     227.985718962910     196.943233087770     122.870879651803
105     255.763511216859     224.788268506901     193.088505112973     120.913411322331
106     256.056228087584     226.524966715922     201.843434277595     122.007249574482
107     256.050275736772     218.989301871485     182.752016799972     120.897295943156
108     254.740627819432     226.883941312570     199.988471777837     122.698914338376
109     254.529988056181     211.115142015173     192.589194197858     121.072526824497
110     113.290687548697     103.945645252370      67.579020547490      90.826535647171
111     256.324832040599     225.968518047789     188.115826561706     122.184597728007
112     255.459318833485     220.668430654730     195.201881045263     121.231855775486
113     253.109082567569     227.528305090914     191.580645490757     119.112898309605
114     254.204682839268     221.108200259451     192.344901281296     120.052059764011
115     249.392958954565     225.422709444977     196.148485088990     118.957047278678
116     254.526899389135     224.559527234900     187.064623780814     120.824613112782
117     251.209162313140     212.536942142011     176.639001298007     119.059286706809
118     250.797454383205     218.524062858078     128.803864221578     119.397050767494
119     253.800766949349     212.117459671953     179.943709751610     119.844345609313
120     255.682400209426     227.143117151004     185.914094181908     119.846350832266
121     254.633125103654     222.775350893315     171.160225634318     116.891986681690
122     255.966776183815     223.910837933717     189.131132173732     118.777228768957
123     248.807156301103     222.405521692363     183.428399199296     117.294991830026
124     255.637616287465     226.210511905522     174.434613706420     118.856002953884
125     248.903293794726     212.079860009021     162.442820127315     117.144607051572
126      86.600977741072      57.681864459789      42.011399104356      73.799948917331
127     249.015579266297     204.890310617311     162.549239718962     116.806575282377
128     256.479260938691     224.968032611028     181.501491265445     118.289869661049
129     256.071764803039     225.048845198542     171.542991849129     115.148611959267
130     253.454258255167     218.494916499002     183.291298460433     116.463325123554
131     254.355416496227     220.170281529920     142.748485825372     115.537847550297
132     253.633490265937     214.684818197484     169.398903141005     115.797402074313
133     254.018047872959     212.958730225045     162.107210057933     115.239304742312
134     251.302348375901     210.111855981729     116.258941679768     114.157802343787
135     256.531616432204     222.520505916974     170.454182099177     116.382274602840
136     248.016139552522     211.142643146775     164.448574819464     114.903381998981
137     256.252215442169     214.434744398186     146.022378899271     113.179196955487
138     255.124041369525     217.530695666569     175.237151474118     114.572080108385
139     256.270760083679     217.829426555276     158.327915614187     107.377844141944
140     250.458129427707     216.031588382064     161.235937281065     109.621034258110
141     251.640850176430     186.601020005837     125.181194244159     110.924034334764
142     112.278352567854      82.543500677463      52.797319761933      83.321567995416
143     253.727288503254     195.252528313516     154.150900015004     112.644465515964
144     256.704264099037     210.482380180346     163.331925171041     112.530995616781
145     255.480151874581     213.676763156618     162.948309959337     111.158519312161
146     256.405861028722     209.000904033020     174.961589358150     112.954363472910
147     256.206175780814     210.674851539702     153.811882626380     111.477708399135
148     145.649169857749     158.259714899434      96.751026780077      97.744663776768
149     256.541827987138     204.624813829661     155.447045470155     112.573885932236
150     251.608574476138     210.717664743993     109.482767225289     110.207126601928
151     256.443481250179     217.749272683045     160.535291438163     112.543312907500
152     251.286631916732     199.526696939369     115.251119604566     109.931888395792
153     256.112592617040     214.645631067961     160.840190961127     109.579387717638
154     256.093247536394     206.652442819525     170.733436177366     110.588309827990
155     255.070682642050     193.016897320272     144.361634873159     110.394907871933
156     255.218604073907     207.416935988871     157.734557622671     110.496580103929
157     240.655777620451     210.995067838195     156.456566630384     109.990618509368
158      86.267267398626      65.260375581477      43.881872688280      69.479938970024
159     254.524066280905     210.971843950729     164.928124605479     111.905712015727
160     255.910185367635     208.389101525505     158.297163921755     109.380809468934
161     252.967397943720     180.052944592868     140.742703788064     107.739279721182
162     254.019716795125     216.942790863809     172.443493182740     108.244511380684
163     249.267075767840     203.290620418716     155.472096343487     107.906358649611
164     254.492597195100     210.073423870634     157.892007687775     109.019042404332
165     254.840085706555     196.117208305767     148.208294418614     109.276992889222
166     246.200733644125     206.966591373412     108.910812172050     105.839931511604
167     254.405653083691     193.578872487427     141.138861369406     109.456808982589
168     254.850565588410     201.405681985264     157.056487242597     108.131481358037
169     255.561462457032     206.786436466455     159.216148324448     106.867469284456
170     255.423893525721     198.222887079154     166.043592649980     107.593849180946
171     246.754341744138     190.503767419369     148.910577244675     107.272333157304
172     252.724287193358     204.296015367796     154.611294718193     106.773172180471
173     253.920723242444     171.805108950618     139.867345878598     106.881478199839
174     109.696706422812      81.993278602754      52.683603645464      80.865079065198
175     254.615163940417     205.921449302776     149.222263868066     107.360763755661
176     253.525623323198     201.173688184435     156.532208406034     106.724041452962
177     249.223955056180     209.563097397614     153.238262359411     103.641466058612
178     241.863393296012     205.158215503950     159.283185456189     103.804309229249
179     193.648222842673     139.560327190708      75.316640503623      93.906965115854
180     242.393239998593     200.163687726061     154.996033920204     102.674665836053
181     247.413528260102     179.611247803982     150.573064038832     103.641015884967
182     249.078752244593     201.832567171175     107.537043160877     101.848211547359
183     253.418063317673     186.823523204525     151.094527089560     105.358114273472
184     243.287365714148     186.881813629451     145.402554218338     102.948813877776
185     253.425632862676     189.154446826748     139.911143784739     102.996150992221
186     254.277192811808     209.852088031729     170.630827033929     104.346239434793
187     250.945778242221     208.305902964960     139.410343074551     102.682039444758
188     254.923228567213     210.439380429645     162.500843725485     103.761640952706
189     252.251143179865     204.453802125920     159.180392299112     104.569697049127
190      83.528883867807      53.361300534708      38.694153154502      65.805904059041
191     251.486232189856     191.460228317548     152.043458337669     105.404149032850
192     253.429211997686     192.509360537614     151.501627597199     102.628772069149
