8     226.255136301166     219.182041861884     214.741583422776     199.604407747323
9     225.185639320408     217.730734451924     215.697218028903     195.649041499893
10     225.095570047227     216.062296606230     214.297477109544     194.517107879043
11     224.446828696115     216.413405405408     216.683696919236     195.197359735973
12     224.067254685779     216.157947217974     215.802890278905     195.515310033822
13     223.561796209834     215.747540005962     216.317305296725     193.400988996303
14     122.318170715667     148.318410680519     100.696663624693     114.943985875082
15     222.662457495345     215.123237692741     215.957490884986     193.173058392754
16     223.084526069188     216.071682925618     217.031442355682     194.130444487434
17     222.897936839225     216.422370978191     218.403137938548     191.677469657962
18     223.876390605686     216.078740679371     216.671130680402     192.867525475870
19     223.629745422064     216.223458676588     218.392585136722     191.977555594880
20     223.606300018770     215.292609995728     215.324449118425     193.038021301357
21     224.044869475317     216.141828881094     218.506436325749     191.694466968406
22     222.916448236282     213.543662711503     187.323371051798     190.142857142857
23     224.187451971516     215.089340716954     214.355343293330     190.620043269301
24     223.602393005062     213.611918912318     211.664666021297     191.182978723404
25     222.263606215174     214.312091158472     211.873756338661     189.077961878303
26     221.734813402343     213.768009848174     207.052606476845     188.764635118487
27     224.012170629130     214.061463510654     203.738040966715     190.918160139277
28     222.984083844338     213.008632439800     202.057874645980     190.676233913372
29     224.143982494530     212.715152870515     198.281600381185     189.538323583415
30      88.511078815871      93.364786257779      56.548098528851      85.017688115499
31     223.574130671013     210.793250836442     196.966762400527     188.783111111111
32     221.468529357506     208.318278619993     194.130071739386     188.523477093951
33     223.787795322738     207.843843843844     191.322003159188     188.076086956522
34     224.124439045787     207.853553212129     197.278764478764     187.574155653451
35     224.160466519204     206.422443059070     191.411727670778     188.220230473752
36     224.258684727988     205.831060652804     190.294148685843     187.658087925070
37     223.743735240652     205.226266907686     185.049389481375     187.398153023037
38     219.260749991911     204.743175672614     149.036551572465     183.553190048619
39     223.860572736121     205.613397534427     186.087596525097     185.157184825287
40     223.847718979636     204.639436749627     187.303016659162     184.994232827027
41     223.034202927412     203.405248740030     184.998623480667     184.046053982992
42     220.323458767014     199.739527167151     190.948453608247     181.309883017346
43     219.894984043859     190.829446685224     152.431485325982     181.704481527560
44     218.169495977672     197.027310737479     188.738552437223     179.179979504881
45     221.162169042770     200.521274140186     184.884933528185     178.068503259132
46     116.098490282759     114.061574517950      73.078911721777     110.990997312750
47     222.722607260726     200.815193941468     189.004355071348     174.845065678680
48     222.223321379993     193.657780950713     187.784381081752     171.956750550187
49     221.521983327432     201.288795624708     187.981331512462     171.825402571464
50     220.764713873836     201.072386058981     192.753775997048     168.533499274010
51     222.077944656396     200.527697428667     184.543100219380     168.978026016021
52     222.224059327700     201.153170007015     187.882002261281     166.840452719971
53     221.760737903490     200.192200845229     183.699077966102     166.875740592474
54     218.646606445312     201.267280005618     149.868468393089     163.431960491349
55     223.045787356915     197.827379396854     185.320452403393     163.496738731345
56     221.697897616003     201.060458835445     190.908239491582     164.814322841467
57     220.828489749744     194.609085765096     181.179184226370     162.014535829249
58     222.408347582095     197.527918386418     195.001998872431     161.171033401817
59     222.545844030274     195.473028377310     182.272460404151     160.463915666995
60     222.363002850808     200.786557025384     191.090604711935     159.115120469639
61     221.901170135964     200.807994882404     185.337164750958     157.698141240100
62      64.573265027949      59.529339430504      36.160962093749      59.233887002539
63     222.081779053085     199.969917873950     188.577868020305     151.897710280374
64     219.756375947122     200.142242581744     191.668841394826     149.620643858320
65     221.657405395337     194.785443435087     182.657133355504     146.980722321144
66     221.599869558128     192.880631676730     194.299498323412     143.340032216001
67     221.600487417819     199.112327650960     187.097606201625     140.820594087934
68     219.554779712908     200.552749395906     190.747147623603     139.052294085130
69     221.069313593540     201.453700646257     182.228542168932     138.043491963441
70     219.853726682554     199.006233356640     149.577332498435     136.109726193262
71     221.785738119071     191.333292211531     184.788172840160     135.089511071539
72     221.579602709491     198.341399607587     190.944736669509     136.525970250042
73     221.048488380564     164.630224836147     147.047860431306     131.953895126851
74     221.613978012116     198.511964427026     192.648609113294     132.185785859465
75     221.788054027823     199.761121363703     185.130748371271     130.803553682872
76     218.304119964806     185.603469210755     184.239251853685     132.687959697733
77     219.030705261475     197.798000333278     170.699266573990     127.906114854672
78     116.506528006849     114.204521893666      73.738402878214      97.817330408816
79     219.021117856777     197.059973149410     171.579050219510     127.121472157397
80     221.501189703656     197.328827025985     188.208680899194     127.393655198813
81     221.935238278803     193.768893127095     185.908535600883     125.330763369857
82     221.652050219556     190.460328426423     192.356600381075     126.013677677959
83     221.589834550604     193.939886504468     185.786650670466     124.407621884885
84     218.883927049599     184.291895382628     185.157687316768     124.774737864864
85     221.967748661987     194.362279676697     187.971628700924     122.836338738960
86     220.437690779915     194.686569975513     146.922556170542     123.693545853684
87     221.752642213242     198.335086418609     188.361053963364     122.645582314933
88     210.218567953966     180.924233141363     181.530372419446     122.341789457694
89     136.355611432652     160.749971496979     119.638353839627      93.957801711102
90     220.867903421273     197.928196988367     187.307297019527     120.095041976873
91     221.498213801212     185.334727004427     152.208181846431     120.819690933981
92     221.882471560397     197.686722518406     187.853286940385     122.976626658244
93     221.604734455135     197.010748636402     169.496146209021     118.466700277002
94      86.823186960752      78.162708797075      51.631374968022      73.262623658249
95     221.632034201631     198.431102011750     186.787243491449     120.232085261534
96     221.627254509018     194.728948860991     186.263226934849     121.945216953376
97     222.044933937194     197.816700984519     192.744107087740     119.107841808590
98     221.438905428517     195.841572431234     191.528266297244     120.143714926773
99     221.038385042012     193.571404456448     178.703657266719     119.475709671614
100     222.066585811653     197.024923652842     181.479335785631     120.969618015168
101     221.900480450630     192.909694516858     182.344229041305     118.062134193639
102     216.528871658845     190.830426182341     136.984450402145     118.617622781676
103     219.558748068006     191.994093716634     177.176135300647     118.099256759004
104     217.805329242318     191.968913685592     179.357937471637     119.232190468425
105     221.956948172620     190.961780044920     176.287382712289     117.390617565154
106     222.392783786501     192.192351137647     188.854156248094     118.790916065674
107     222.023993085084     188.147523746515     170.779811693047     117.816124521909
108     220.347900968784     192.602921459318     181.756448390677     119.677979479084
109     221.375389551473     182.210909681260     176.870063560435     116.692731040888
110     115.183629452607     107.402671566193      66.486837504371      91.459289172675
111     221.641605166052     191.421220930233     173.161686502912     117.311112724010
112     221.750834719474     187.062804703183     182.261536005109     118.187997463341
113     219.349365608373     192.114350969909     176.088590364613     115.973445199424
114     221.009248846763     186.455157992565     184.754208754209     116.924709510569
115     221.374227427445     190.314328892654     177.369471606710     116.575816180329
116     221.442346727197     189.769265300015     166.811745749893     117.218231182485
117     219.271960402296     185.044028119695     162.099006586425     114.666172850385
118     217.666704032447     187.263096062633     122.392307868619     115.385200471061
119     220.574991441632     181.872323644907     164.822605764673     114.963931862550
120     221.974091165107     191.709977213958     171.480916030534     116.773750857713
121     221.643325281261     189.802807034894     158.409003679884     114.079121260155
122     222.007185178219     189.917809100856     179.392076845329     115.745307627434
123     222.262483806654     188.843819768622     167.940123709623     115.176783979889
124     221.827450418844     191.684224365270     167.201462483389     115.952994011976
125     219.013085256875     181.643154031606     149.522851876498     112.724477790850
126      84.474789015144      60.045552153614      42.259221341446      71.493066476054
127     218.148728577514     182.611652482805     157.207926228105     113.382833955693
128     221.812513221056     190.800954600488     173.057605514895     115.765369296227
129     221.153810187974     189.999639158763     159.588701191756     112.403411539623
130     221.091173692929     186.062722309807     174.399150017097     113.581140464251
131     221.490155212660     186.750736454666     132.274164494170     112.845079830878
132     221.726405090138     184.602937635444     161.588802118518     113.656812471253
133     222.003273690705     181.950735018532     151.297229244065     111.503855422565
134     219.995161131508     181.079739258299     110.750420456678     111.693222923295
135     220.871716432340     188.022449915350     157.825298529557     112.248899791539
136     221.572019026195     181.554820226965     155.649033289861     113.240162756471
137     219.960314796902     181.907961972345     137.012915310648     110.185707457767
138     222.039111191988     185.019365739537     168.364869260110     111.775408382599
139     221.104393203422     183.978494680319     145.851458387294     111.331289302159
140     218.766098368699     187.814586272982     156.223175965665     110.858350425757
141     220.991091678694     171.744136068656     128.252328061321     109.717419906486
142     114.045161250789      88.897140550778      51.812963700192      85.689491725197
143     220.843592782367     175.753905545667     146.887728409087     110.621660080432
144     219.998141074323     180.949324781026     161.179358567656     110.633290487333
145     218.120865392024     182.929038600896     154.336113804612     109.109373322358
146     222.135539803768     176.762558873131     164.465814345820     110.340169746689
147     221.671814609637     179.157027267403     144.055979599383     109.185707826666
148     162.558518804243     152.131976983445     107.179214860480      96.096462905197
149     221.916055154762     175.966253928244     143.649472379686     108.634337407226
150     220.071526380996     179.793468016228     103.007224005203     107.960403445875
151     220.938395620560     184.587315137868     147.925343882819     108.409196710789
152     220.827830394025     173.446336441071     126.026572588771     107.683771308075
153     220.849050160085     182.874192864213     154.247903794868     107.250134752263
154     221.770127935056     174.152726579149     164.219367602604     108.273962856205
155     221.481756834039     165.730495749787     142.531856697856     108.321455582058
156     221.467679618752     175.730586404697     155.671305466887     107.827749690850
157     219.667145514405     178.621015444701     144.946076609476     107.204049190354
158      85.737310637729      66.825039944326      40.498031413662      66.559001018971
159     221.677549219655     179.759843548975     152.288967056794     108.093661763519
160     219.747930371336     176.681188802139     155.204878134090     106.519647361714
161     221.372536458376     157.556392265739     136.588778364388     105.685613823197
162     221.012268270446     181.795606896869     165.857524824674     105.417894192751
163     216.926148404448     169.479940756974     142.937652966924     102.313628317941
164     220.755219341302     177.345770344162     147.729964241181     107.080140726189
165     221.339785549411     167.593514670769     136.248544717704     105.247115498989
166     219.989671194768     174.756150100359     100.963606759448     104.660411595641
167     221.178748990857     165.172680103010     132.882000241416     104.979660164716
168     221.605841305450     171.082081143041     151.627717511623     105.567561735425
169     220.581212715621     174.361978464745     148.633292275624     105.679577002233
170     221.098691111257     170.003619986585     163.496268991028     105.169472547160
171     216.276419545240     168.570332354802     147.161916555923     105.218867051050
172     220.005866838725     173.798120400512     148.212314986176     104.782836794951
173     220.977209679484     152.194202131749     127.662523802660     102.804970843299
174     111.608313383191      82.997202898902      49.876091061832      81.521470055721
175     220.855232292750     174.953858323080     137.647655587847     103.137985347606
176     221.001175586468     171.174495217853     148.432153942171     104.746087157007
177     218.589662418470     176.585501417083     142.498001533936     101.743229987763
178     212.572777194681     173.949132114149     161.954084484019     101.189115481014
179     176.790401172289     128.855066277241      68.548650069965      88.719796237946
180     213.329431560465     171.577934936351     151.476887667029     101.527954469367
181     218.354699547352     155.348946829606     139.450374374309     101.161701753511
182     216.338361908337     172.580858550937     100.967898778796     101.398862986511
183     220.738686046447     166.303802198032     145.560985725326     102.726199133529
184     216.228875354781     163.558198151619     149.698143550859     100.792629939998
185     220.371944526251     163.514277257304     132.031999396873     100.719286910832
186     220.358429283789     177.693130234742     163.607099480740     101.906894812627
187     219.447671536992     176.037653290703     130.505180468199     100.943463820621
188     220.531169739644     177.399401964972     157.967788597815     101.451569561500
189     220.278633349564     173.431010156898     145.496904109453     100.513406139843
190      81.489767512847      52.358870861194      37.979929634457      62.112047857909
191     219.460503937008     163.911041906806     140.748010342181     101.116769124120
192     220.049370433701     163.550234182671     149.573276850026     100.516215861918
